       18014398442373119                       1
       90071988252442495                     512
     3746783719315210239                       0
      161003678088560639                      16
     3476567806097489919                       0
       18014398509481967                    1024
      341429146750025727                       0
    -4593671620056317953                       0
      288230311727202303                       0
       18014398501093375                    2048
       18014398509481975                   32768
       90067594500898815                       0
       90071988252442623                       0
       16888498602639359                      64
       18014398505287679                    1024
     1170865534372151263                    2048
     2323716670234820607                       0
       71916839369703423                       0
        4503599627370495                     768
     1152077015252205567                       0
      162120790492315647                       0
       18014329790005247                     256
       18014398375264255                  131072
      234186355989544959                       0
      881861102034485247                       0
       18014261070528511                     512
       18014398308155391                       3
       18014398375264255                      32
     1170865534372151295                       0
       18014398442373119                   16384
       31525180211724287                     256
      305963299684483071                       0
     3692740575326371839                       0
       13510798882111487                     256
       87820188438757375                      32
    -4593671619917955073                       0
      882705320806187007                       0
     1313916395192319999                       0
       18014398375264255                       2
     2321605607909490687                       0
       18014398509481919                 1048576
      234187167738363903                       0
       18014398509465599                      16
     2323716670234296319                     128
       18014398501093375                      32
      162129577995403199                     256
       18014398442373119                   65536
       27021580584353791                     512
      611645124392255487                       0
       18014398475927551                     512
       71987190934011903                       0
      305963299684483063                      32
      935904246023323647                       0
     2323716670234558463                      64
       18014398509219839                      64
     2395703895528570879                       0
      342273520140550143                       0
       18014398508957695                     128
     1314839984959651839                       0
     4556587278851375103                       0
     2393658803900907519                       0
      234116803289153535                       0
     1315051078307282943                       0
    -4593671619930488833                       0
     1098033871263367167                       0
     3473401212609495039                       0
        9007199254740991                     512
       15762598695796735                     128
      593912200859484155                      16
     2395914988876201983                       0
     3476708509226106879                       0
       49539561541337087                     256
     2323716670234820591                    1024
       18014398442373119                      16
      234046438839943167                       0
      612489497782779903                       0
     3476638157661798399                       0
       18014398509449215                      32
    -4593671619921051649                       0
       18014398505287679                      16
       18014398509481979                   16384
     1170865534371889151                      64
       18014398492704767                     256
       18014398509481951                     512
       18014398509481983                       0
       72057542498320383                       0
      162129577995403263                       0
     1170865534371627007                     128
     2465711999892324351                       0
     4340414509622493183                       0
     3530610950086328319                       0
       36028779839094751                     512
      162129577995403135                     512
      162129577995403199                 1048576
     1241863199200903167                       0
       18014398509481967                     256
       90071988252442495                   32768
       18014398509481855                 2097152
     4394457653611331583                       0
       45035961913966591                     512
