  # Orbital no.         Normalised occupation
              1                  0.0084819075
              2                  0.0034427305
              3                  0.0086082411
              4                  0.0020068626
              5                  0.0086119829
              6                  0.0086318519
              7                  0.0036842892
              8                  0.0009521293
              9                  0.0084053866
             10                  0.0083041169
             11                  0.0046663111
             12                  0.0010067430
             13                  0.0008741514
             14                  0.0008910066
             15                  0.0085757879
             16                  0.0085404695
             17                  0.0084243258
             18                  0.0012663057
             19                  0.0084734507
             20                  0.0082773666
             21                  0.0084746055
             22                  0.0080341197
             23                  0.0085857807
             24                  0.0085434804
             25                  0.0025265819
             26                  0.0024441801
             27                  0.0075538813
             28                  0.0077261029
             29                  0.0085062501
             30                  0.0084827264
             31                  0.0018133688
             32                  0.0009049929
             33                  0.0083894228
             34                  0.0058466425
             35                  0.0085470029
             36                  0.0084705039
             37                  0.0086005017
             38                  0.0085917142
             39                  0.0084953630
             40                  0.0085424878
             41                  0.0085265955
             42                  0.0085091768
             43                  0.0085146756
             44                  0.0084936917
             45                  0.0085067528
             46                  0.0085154728
             47                  0.0086038959
             48                  0.0085717958
             49                  0.0085728443
             50                  0.0085138134
             51                  0.0085268218
             52                  0.0085045826
             53                  0.0085042124
             54                  0.0009915781
             55                  0.0085459866
             56                  0.0084568576
             57                  0.0085685831
             58                  0.0085480840
             59                  0.0085893810
             60                  0.0085797441
             61                  0.0086594487
             62                  0.0086535243
             63                  0.0086571047
             64                  0.0086339210
             65                  0.0087325811
             66                  0.0087233622
             67                  0.0087504859
             68                  0.0087239940
             69                  0.0087551808
             70                  0.0087504159
             71                  0.0086789807
             72                  0.0086296321
             73                  0.0087230128
             74                  0.0087102519
             75                  0.0087105334
             76                  0.0086711014
             77                  0.0086883328
             78                  0.0087028873
             79                  0.0086635603
             80                  0.0086756262
             81                  0.0086230685
             82                  0.0086430890
             83                  0.0086222166
             84                  0.0086296189
             85                  0.0087519182
             86                  0.0087669251
             87                  0.0087514009
             88                  0.0087718757
             89                  0.0086797465
             90                  0.0087497299
             91                  0.0087043295
             92                  0.0087513063
             93                  0.0086907589
             94                  0.0087319027
             95                  0.0086936393
             96                  0.0087185217
             97                  0.0087249347
             98                  0.0087300596
             99                  0.0087295208
            100                  0.0087239066
            101                  0.0086421049
            102                  0.0086301794
            103                  0.0086683609
            104                  0.0087119426
            105                  0.0086678949
            106                  0.0087249472
            107                  0.0086615950
            108                  0.0087179099
            109                  0.0086310180
            110                  0.0086859230
            111                  0.0005205512
            112                  0.0086965901
            113                  0.0008182200
            114                  0.0086818093
            115                  0.0006526780
            116                  0.0086902013
            117                  0.0076687946
            118                  0.0085822656
            119                  0.0007100375
            120                  0.0086724910
            121                  0.0081931352
            122                  0.0081925753
            123                  0.0006839007
            124                  0.0007573206
            125                  0.0007442994
            126                  0.0009674193
            127                  0.0007482734
            128                  0.0075004837
            129                  0.0085378381
            130                  0.0085377005
            131                  0.0056530028
            132                  0.0085838679
            133                  0.0046241956
            134                  0.0085506139
            135                  0.0005966216
            136                  0.0082293499
            137                  0.0004687686
            138                  0.0005134021
            139                  0.0005349158
            140                  0.0036485177
            141                  0.0004794758
            142                  0.0005334541
            143                  0.0005408850
            144                  0.0005719648
            145                  0.0005517428
            146                  0.0008692571
            147                  0.0005492956
            148                  0.0058704612
            149                  0.0001968855
            150                  0.0002070262
            151                  0.0002320756
            152                  0.0002636798
