       -9007211183488203    -8954352327863566337                  526527
       -9007211133156555    -9098748990916132865                  526527
       -9007202492890315    -9098748990916132865                  524479
       -9007211116377291    -8954633802840276993                  526495
       -9007211084922059    -8954633802840276993                  526527
       -9007211217042635    -8954633802840276993                  526527
       -9007211116379340    -8954633802840276993                  788671
       -9007211082824907    -9098748990916132865                  526527
       -9007202526444747    -8954633802840276993                  524479
       -9007211267374283    -8954633802840276993                  526527
       -9007202511764683    -9026691396878204929                  526527
       -9007211099602123    -9026691396878204929                  526527
       -9007202509667531    -9026691396878204929                  524479
       -9007202627108043    -8954633802840276993                  524479
       -9007202576776395    -8954633802840276993                  524479
       -9007211116379851    -6648790793626583041                  526527
       -9007202528541899    -8954633802840276993                  526527
       -9007211116371147    -8954633802840276993                  526525
       -9007211116375243    -8954633802840276993                  526526
       -9007211116379339    -8954633802840276993                  526527
       -9007202526443723    -8954633802840276993                  524463
       -9007211166710987    -8954633802840276993                  526527
       -9007211116379337    -8954633802840276993                    2239
       -9007211116379275    -8954633802840276993                  526523
       -9007208968895691    -8954633940279230465                  526527
       -9007211116378315    -8954633802840276993                  526511
       -9007211116903627    -8954633802840276993                  657599
       -9007211116379211    -8954633802840276993                  526519
       -9007211116377803    -8954633802840276993                  526527
       -9007202578873547    -8954633802840276993                  526527
