dattani@allogin1:~/FeMoco/Reiher1/FCIQMC-PT2/409.6m/uniformData> python blocking.py -f360000 -d1 -d5 -o/ RDMEstimates.withGapFilled
# of blocks mean (X_1)     std.err. (X_1)  std.err.err. (X_1)  mean (X_5)     std.err. (X_5)  std.err.err. (X_5)  cov(X_1,X_5)   mean (X_1/X_5)   std.err. (X_1/X_5)
30220       -2.66277841921e+13 7.16769926e+10  2.91557846e+08       1975037165.25  5.31642901e+06  2.16254412e+04       -1.15158e+22   -13482.168670358647 3.809317589530e-03
15110       -2.66277841921e+13 1.01368252e+11  5.83134987e+08       1975037165.25  7.51869040e+06  4.32523136e+04       -1.15162e+22   -13482.168670358538 4.015362184934e-05
7555        -2.66277841921e+13 1.43361101e+11  1.16634717e+09       1975037165.25  1.06333858e+07  8.65103529e+04       -1.15169e+22   -13482.168670358571 3.976833543079e-05
3777        -2.66267657658e+13 2.02765676e+11  2.33326169e+09       1974961626.36  1.50395446e+07  1.73062787e+05       -1.15180e+22   -13482.168671289492 3.920687193343e-05
1888        -2.66247288073e+13 2.86668935e+11  4.66637552e+09       1974810541.09  2.12628207e+07  3.46114608e+05       -1.15081e+22   -13482.168670529447 3.727429613215e-05
944         -2.66247288073e+13 4.05337131e+11  9.33352178e+09       1974810541.09  3.00646833e+07  6.92286383e+05       -1.15039e+22   -13482.168670529436 3.882805269048e-05
472         -2.66247288073e+13 5.73009702e+11  1.86696649e+10       1974810541.09  4.25013005e+07  1.38476720e+06       -1.14949e+22   -13482.168670529445 4.092836120364e-05
236         -2.66247288073e+13 8.10538560e+11  3.73873558e+10       1974810541.09  6.01193013e+07  2.77309658e+06       -1.15000e+22   -13482.168670529451 3.660743914361e-05
118         -2.66247288073e+13 1.14823747e+12  7.50626315e+10       1974810541.09  8.51671194e+07  5.56754877e+06       -1.15395e+22   -13482.168670529460 3.551443253470e-05
59          -2.66247288073e+13 1.62756938e+12  1.51116023e+11       1974810541.09  1.20720146e+08  1.12085842e+07       -1.15923e+22   -13482.168670529458 2.174805955363e-05
29          -2.64921439981e+13 2.25503257e+12  3.01341402e+11       1964976455.63  1.67260374e+08  2.23511076e+07       -1.09382e+22   -13482.168665279731 4.349611909031e-05
14          -2.62135881826e+13 3.24763105e+12  6.36912849e+11       1944315402.00  2.40883432e+08  4.72411277e+07       -1.09522e+22   -13482.168662379765 6.644141937510e-05
7           -2.62135881826e+13 4.58275188e+12  1.32292652e+12       1944315402.00  3.39912072e+08  9.81241631e+07       -1.09041e+22   -13482.168662379769 0.000000000000e+00
3           -2.48676174604e+13 7.63859994e+12  3.81929997e+12       1844482000.77  5.66570566e+08  2.83285283e+08       -1.29834e+22   -13482.168679316190 7.102886511568e-05

dattani@allogin1:~/FeMoco/Reiher1/FCIQMC-PT2/409.6m/uniformData> python blocking.py -f360000 -d4 -d5 -o/ RDMEstimates.withGapFilled
# of blocks mean (X_4)     std.err. (X_4)  std.err.err. (X_4)  mean (X_5)     std.err. (X_5)  std.err.err. (X_5)  cov(X_4,X_5)   mean (X_4/X_5)   std.err. (X_4/X_5)
30220       -2.66277994647e+13 7.16770312e+10  2.91558003e+08       1975037165.25  5.31642901e+06  2.16254412e+04       -1.15158e+22   -13482.176403163883 3.845756699715e-03
15110       -2.66277994647e+13 1.01368307e+11  5.83135302e+08       1975037165.25  7.51869040e+06  4.32523136e+04       -1.15162e+22   -13482.176403163872 5.670540877753e-04
7555        -2.66277994647e+13 1.43361178e+11  1.16634780e+09       1975037165.25  1.06333858e+07  8.65103529e+04       -1.15170e+22   -13482.176403163887 5.647262165416e-04
3777        -2.66267810422e+13 2.02765786e+11  2.33326295e+09       1974961626.36  1.50395446e+07  1.73062787e+05       -1.15180e+22   -13482.176406296065 5.714863741069e-04
1888        -2.66247441171e+13 2.86669091e+11  4.66637805e+09       1974810541.09  2.12628207e+07  3.46114608e+05       -1.15081e+22   -13482.176423064391 5.772805778511e-04
944         -2.66247441171e+13 4.05337352e+11  9.33352686e+09       1974810541.09  3.00646833e+07  6.92286383e+05       -1.15039e+22   -13482.176423064377 5.850207803260e-04
472         -2.66247441171e+13 5.73010012e+11  1.86696750e+10       1974810541.09  4.25013005e+07  1.38476720e+06       -1.14949e+22   -13482.176423064397 5.781504520196e-04
236         -2.66247441171e+13 8.10539002e+11  3.73873762e+10       1974810541.09  6.01193013e+07  2.77309658e+06       -1.15001e+22   -13482.176423064400 5.691668932258e-04
118         -2.66247441171e+13 1.14823809e+12  7.50626723e+10       1974810541.09  8.51671194e+07  5.56754877e+06       -1.15395e+22   -13482.176423064402 5.727221714377e-04
59          -2.66247441171e+13 1.62757026e+12  1.51116105e+11       1974810541.09  1.20720146e+08  1.12085842e+07       -1.15924e+22   -13482.176423064404 4.930628966802e-04
29          -2.64921591828e+13 2.25503383e+12  3.01341570e+11       1964976455.63  1.67260374e+08  2.23511076e+07       -1.09382e+22   -13482.176392937599 4.313215315329e-04
14          -2.62136033560e+13 3.24763296e+12  6.36913224e+11       1944315402.00  2.40883432e+08  4.72411277e+07       -1.09522e+22   -13482.176466341189 4.471155395816e-04
7           -2.62136033560e+13 4.58275479e+12  1.32292736e+12       1944315402.00  3.39912072e+08  9.81241631e+07       -1.09041e+22   -13482.176466341189 4.548069104666e-04
3           -2.48676316787e+13 7.63860470e+12  3.81930235e+12       1844482000.77  5.66570566e+08  2.83285283e+08       -1.29834e+22   -13482.176387887910 3.331550988258e-04

