Some abdnormal jumps in the file:
        331919   -1.5467265134920E+12    7.1962363417969E+06    7.9457861699291E+06   -1.5467185677058E+12    1.1472387212537E+08
        333041   -3.4152211351012E+12    2.6761644626256E+07    8.6248440168976E+07   -3.4151348866610E+12    2.5331423702159E+08

        334863   -3.3525312894800E+12   -3.6602972670471E+07    6.6487807369146E+07   -3.3524648016726E+12    2.4866345218774E+08
        343469   -3.4294510209178E+14    7.2975839627591E+07   -1.2662350847339E+09   -3.4294636832687E+14    2.5436934118789E+10

These 0's happened at th end of: /algpfs/dattani/Li2/54/pt2/409.6c/c/c/c/c/c/c/c/c/c/c/c/c/c/c/c/c/c/c (which ended on 16 December)
        561230    0.0000000000000E+00   -8.4323526495361E+05    1.0750076093477E+04    1.0750076093477E+04    2.5424390143999E+09
        561240   -3.4278506521991E+13    1.8706858344822E+07   -4.1577148799804E+08   -3.4278922293479E+13    2.5425071927181E+09
        561250   -3.4277667970433E+13    1.5997127422905E+06   -1.5582892950317E+08   -3.4277823799362E+13    2.5424452519153E+09
        561260   -3.4278520776914E+13   -8.4851284231827E+07   -3.7843324835964E+07   -3.4278558620239E+13    2.5425061105332E+09
        561270   -3.4278962789416E+13    1.8741331210144E+07   -2.4778316485529E+08   -3.4279210572581E+13    2.5425418008420E+09
        561280   -3.4278649654306E+13    2.7045768105164E+06   -6.8184420677820E+07   -3.4278717838726E+13    2.5425153976327E+09
        561290   -3.4279268161716E+13   -5.8176457270203E+06    2.7657265085197E+08   -3.4278991589065E+13    2.5425643354189E+09
        561300   -3.4279588849715E+13    9.6761635297089E+07    2.2468265658253E+08   -3.4279364167058E+13    2.5425865740257E+09
        561310   -3.4280323391424E+13    1.3651783543762E+07   -2.7899314917107E+08   -3.4280602384573E+13    2.5426400621652E+09
        561320   -3.4279300737080E+13   -2.9152471320404E+07   -4.7614114692644E+07   -3.4279348351195E+13    2.5425669431137E+09
        561330   -3.4278401122222E+13    3.9317552849091E+07    7.2280020376629E+07   -3.4278328842201E+13    2.5424998285958E+09
        561340   -3.4276582055662E+13    7.5267913272339E+07    2.0077584961711E+08   -3.4276381279812E+13    2.5423649459382E+09
        561350   -3.4275850654919E+13   -7.4182303987061E+07   -6.0566431860310E+07   -3.4275911221351E+13    2.5423080158884E+09
        561360   -3.4277298381535E+13   -4.9690852467804E+07    1.4030562380556E+08   -3.4277158075911E+13    2.5424162915870E+09
        561370   -3.4277946671242E+13   -1.0253238842749E+08   -3.1416792440529E+08   -3.4278260839166E+13    2.5424655852237E+09
        561380   -3.4278163197549E+13   -5.3964153453186E+07    2.4516234951110E+08   -3.4277918035199E+13    2.5424806391897E+09
#    Iteration    Energy numerator  1    Spin^2 numerator  1       EN2 numerator  1   Var+EN2 numerator  1       Normalisation  1
        569230   -3.4295664378415E+13   -5.2655327210907E+07   -1.1772871772498E+08   -3.4295782107133E+13    2.5437795395798E+09

