  # Orbital no.         Normalised occupation
              1                  0.0083273915
              2                  0.0017194686
              3                  0.0085448666
              4                  0.0010698345
              5                  0.0085608094
              6                  0.0085824510
              7                  0.0017009809
              8                  0.0009564205
              9                  0.0082874106
             10                  0.0080467614
             11                  0.0022809888
             12                  0.0010032317
             13                  0.0008711666
             14                  0.0008671753
             15                  0.0085642023
             16                  0.0085386995
             17                  0.0083520577
             18                  0.0009216063
             19                  0.0084240692
             20                  0.0081222540
             21                  0.0084931959
             22                  0.0079037005
             23                  0.0085487350
             24                  0.0085108172
             25                  0.0030484770
             26                  0.0024717915
             27                  0.0072458564
             28                  0.0076453466
             29                  0.0082732932
             30                  0.0083690075
             31                  0.0011130049
             32                  0.0008323320
             33                  0.0081932529
             34                  0.0034044141
             35                  0.0085513798
             36                  0.0084141480
             37                  0.0085760144
             38                  0.0085991465
             39                  0.0084549213
             40                  0.0084670373
             41                  0.0084348972
             42                  0.0084920555
             43                  0.0084704965
             44                  0.0084355846
             45                  0.0084256929
             46                  0.0083746013
             47                  0.0085984074
             48                  0.0085554491
             49                  0.0085512181
             50                  0.0085121424
             51                  0.0084661969
             52                  0.0084147529
             53                  0.0084185217
             54                  0.0008011249
             55                  0.0084748029
             56                  0.0083745938
             57                  0.0085267350
             58                  0.0084949179
             59                  0.0085917829
             60                  0.0085628085
             61                  0.0086761358
             62                  0.0086760736
             63                  0.0086846788
             64                  0.0086585456
             65                  0.0087507631
             66                  0.0087494108
             67                  0.0087608611
             68                  0.0087466462
             69                  0.0087638345
             70                  0.0087629911
             71                  0.0086980221
             72                  0.0086618496
             73                  0.0087373697
             74                  0.0087377757
             75                  0.0087200171
             76                  0.0086892026
             77                  0.0087052861
             78                  0.0087223461
             79                  0.0086881946
             80                  0.0087030892
             81                  0.0086431343
             82                  0.0086652497
             83                  0.0086431162
             84                  0.0086567016
             85                  0.0087669103
             86                  0.0087791184
             87                  0.0087621635
             88                  0.0087810907
             89                  0.0087063386
             90                  0.0087610527
             91                  0.0087208060
             92                  0.0087588458
             93                  0.0087033941
             94                  0.0087424191
             95                  0.0087045088
             96                  0.0087336645
             97                  0.0087329125
             98                  0.0087463799
             99                  0.0087382938
            100                  0.0087372736
            101                  0.0086368613
            102                  0.0086313244
            103                  0.0086825797
            104                  0.0087190262
            105                  0.0086765552
            106                  0.0087375226
            107                  0.0086759902
            108                  0.0087356093
            109                  0.0086418471
            110                  0.0087036423
            111                  0.0006650110
            112                  0.0087158906
            113                  0.0011981574
            114                  0.0087002564
            115                  0.0007252002
            116                  0.0087078161
            117                  0.0084088352
            118                  0.0086695686
            119                  0.0007885809
            120                  0.0087046627
            121                  0.0080996687
            122                  0.0082553249
            123                  0.0006402453
            124                  0.0007705331
            125                  0.0008328993
            126                  0.0013507151
            127                  0.0007747549
            128                  0.0083802843
            129                  0.0085289388
            130                  0.0085570019
            131                  0.0077711022
            132                  0.0086009092
            133                  0.0072051924
            134                  0.0085650599
            135                  0.0006300322
            136                  0.0085609514
            137                  0.0004663309
            138                  0.0005075102
            139                  0.0005178740
            140                  0.0065564171
            141                  0.0004794216
            142                  0.0005199299
            143                  0.0005346502
            144                  0.0005348122
            145                  0.0005353459
            146                  0.0009874489
            147                  0.0005200219
            148                  0.0077111874
            149                  0.0001885627
            150                  0.0001981623
            151                  0.0002234379
            152                  0.0002593676
