     -585467963419802827    -8378173050536853505                  526527
       -9007211116375243    -8954633802840276993                  526526
       -9007211124767945    -8954633802840276993                  526527
       -9007211116379340    -8954633802840276993                  788671
       -9007211217566923    -8954633802840276993                  657599
       -9007211619696331    -6648790793626583041                  526527
       -9015998585912523    -8954633802840276993                  524479
       -9007245476117707    -8954633802840276993                  657599
       -9007202528540363    -8954633802840276993                  526527
      -13510810743749835    -8936619404330795009                  526527
       -9288686093089995    -7801712298233430017                  526527
       -9007211124767939    -8954633802840276993                  526527
       -9007211116379355    -8954352327863566337                  526527
       -9007211082824939    -8954633802840276993                  526527
      -45036008135867595    -8378173050536853505                  657599
       -9007279835855051    -8954352327863566337                  526511
       -9007211267374283    -8954633802840276993                  526527
       -9007211116379371    -6648790793626583041                  526527
       -9007211116375243    -8954633802840276993                  526511
       -9007211368038091    -6648790793626583041                  526527
       -9007202526510283    -8954633802840276993                  540863
       -9288686093089995    -8953507902933434369                  526527
       -9007211384814795    -8954633802840276993                  530623
       -9007211166776523    -8954633802840276993                  526591
       -9007211116379595    -8954633802840276993                  526783
       -9007211116395723    -8954633802840276993                  526783
       -9007279835856075    -8954352327863566337                  526527
       -9007215411346635    -8954633802840276993                  526783
       -9007211099602059    -9026691396878204929                  526523
       -9007211166711499    -6648790793626583041                  526527
      -11259010898607307    -6648790793626583041                  526527
       -9007245442563275    -8954633802840276993                  526527
       -9007211250596939    -8954633802840276993                  526527
       -9007211116641483    -8954633802840276993                  526783
       -9007211116412107    -6648790793626583041                  526527
       -9007211100126411    -9026691396878204929                  657599
       -9007211099602123    -8954633871559753729                  526527
      -81064805154307275    -4342947784412889089                  526527
       -9007211116379343    -4342947784412889089                  526527
       -9007211116378313    -8954633802840276993                    2223
       -9007228296248523    -8954352327863566337                  526527
       -9009410139634763    -6648790793626583041                  526519
       -9007211116902603    -8954633802840276993                  657583
       -9007211116641483    -8954633802840276993                  530623
       -9007211116444875    -8954633802840276993                  542911
       -9007211116410057    -8954633802840276993                    2239
       -9007211225431243    -8954633802840276993                  559295
       -9007210143300811    -8954633871559753729                  526527
       -9007210042637515    -8954633871559753729                  526527
       -9007211217566923    -8954633802840276993                  527039
       -9007211166709451    -8954633802840276993                  526527
       -9007211116379339    -8936636996516839425                  526527
       -9007202509667531    -9026691396878204929                  524479
       -9007211384814795    -8936619404330795009                  526527
       -9007211250597067    -8378173050536853505                  526527
       -9007211217042633    -8954633802840276993                    2239
       -9007211099602379    -7873769892271357953                  526527
     -297237587368754379    -7801712298233430017                  526527
       -9007211200265419    -9026691396878204929                  526527
       -9007211120573643    -8936619404330795009                  526527
       -9007211116379595    -8954352327863566337                  526527
       -9007211166776523    -8954633802840276993                  542911
       -9016007226703051    -8954633802840276993                  657599
       -9008310628007113    -8954352327863566337                    2239
       -9007215411346635    -8954633802840276993                  527551
       -9007211183488203    -8936619404330795009                  526527
       -9007202526969035    -8954633802840276993                  526527
       -9007215394569931    -6648790793626583041                  526527
       -9007211116379211    -8954633802840276993                  526519
       -9007211435146443    -8954633802840276993                  530623
       -9007211116379339    -8953507907228401665                  526527
      -81064805154307275    -8936619404330795009                  526527
       -9007209556098251    -8954633802840276993                  526527
            -11861638347    -8954633802840277121                  526527
       -9007202528542411    -8378173050536853505                  526527
       -9007202526444747    -8954633811430211585                  526527
       -9007211217042891    -7801712298233430017                  526527
       -9007211201313995    -8954633802840276993                  526527
       -9024794712489163    -8954633802840276993                  525503
       -9007211166710991    -4342947784412889089                  526527
       -9007211116379339    -6651042593440268289                  526527
       -9007211082820811    -9098748990916132865                  526526
       -9147948604734665    -8954633802840276993                  526527
       -9007211116379851    -6648790793626583041                  526527
       -9007211082824907    -8954633802840276993                  524479
       -9007211117427915    -8954633802840276993                  592063
       -9007211099602121    -9026691396878204929                    2239
       -9007211116444875    -8954633802840276993                  527551
       -9008310628007115    -8954563434096099329                  526527
       -9007211116444875    -8954633802840276993                  526591
       -9007211368037579    -8954633802840276993                  526527
      -81064805154307275    -8953507902933434369                  526527
       -9008310611229899    -8954633802840276993                  526527
       -9007202627108043    -8954633802840276993                  524479
       -9007202526444747    -8954633802840276993                  524479
       -9007279835856075    -8936619404330795009                  526527
       -9007202511764683    -9026691396878204929                  526527
       -9042395488468171    -6648790793626583041                  526527
       -9007211082824907    -9098748990916132865                  526527
       -9007202526444747    -8955196752793698305                  526527
       -9007202576775371    -8954633802840276993                  524463
      -10133111023221963    -4342947784412889089                  526527
       -9007211653242059    -8954633802840276993                  526527
       -9007211166710923    -8954633802840276993                  526523
            -11911970027    -8954633802840276993                  526527
      -11259010930064587    -8954633802840276993                  534719
       -9570161069800651    -8954633802840276993                  534719
       -9007202526444763    -8936619404330795009                  524479
       -9042395589129419    -8954633802840276993                  526527
       -9007215461678283    -8954352327863566337                  526527
       -9007211116378315    -8954633802840276993                  526511
       -9007211116379339    -8954563434096099329                  526523
       -9007211084921035    -8954633802840276993                  526511
       -9008310678338763    -8954352327863566337                  526527
       -9007202534833355    -8954633802840276993                  557247
       -9007211116377291      268738234014498815                  526527
       -9007211082824907    -8954633940279230465                  526527
      -81064805137530059    -9008676998368722945                  526527
       -9007211116379275    -8954633802840276993                  526523
       -9007215394569419    -8954633802840276993                  526527
       -9007202679536843    -8954633802840276993                  526527
       -9007202526444779    -8954633802840276993                  526527
       -9007202727771339    -8954352327863566337                  526527
       -9007211116394699    -8954633802840276993                  526527
       -9007211116378315    -8954633802840276993                  526526
       -9007215394569417    -8954633802840276993                    2239
       -9007211083349195    -9098748990916132865                  657599
       -9007211082825419    -6792905981702438913                  526527
       -9007211116395723    -8666403426688565249                  526527
       -9007210109746379    -8954633802840276993                  526527
       -9007215394569419    -9026409921901494273                  526527
       -9007211183488203    -8954352327863566337                  526527
       -9007211116379340    -8954633802840276993                  542911
      -81064805154307275    -8954352327863566337                  526527
      -13510810844413131    -7801712298233430017                  526527
       -9015998619466947    -8954633802840276993                  524479
       -9007236886183115    -8954633802840276993                  526527
        -140740762156235    -8954633802840276993                  526527
      -13510810743749835    -7801712298233430017                  526527
       -9007211118476491    -6648790793626583041                  526527
       -9007202576776395    -8954633802840276993                  524479
       -9007211250597067    -8954633802840276993                  534719
       -9007211167235275    -8954633802840276993                  657599
      -45036008135343307    -8954633802840276993                  534719
      -13510810743749835    -8954633802840276993                  526783
       -9007211099667659    -8954633802840276993                  526527
       -9007211099598027    -9026691396878204929                  526526
       -9007202526445003    -7801712298233430017                  524479
       -9007202526444745    -8954633802840276993                     191
       -9007211116371147    -8954633802840276993                  526525
       -9007202494987467    -9098748990916132865                  526527
       -9007211116379339    -4347451384040259585                  526527
       -9007211133157067    -8522288238612709377                  526527
       -9007211116443851    -8954633802840276993                  526575
      -11259011030727883    -6648790793626583041                  526527
       -9007211184012491    -8954352327863566337                  657599
       -9007211120573643    -8666403426688565249                  526527
       -9007202660662475    -8954633802840276993                  526527
       -9009410139634891    -6648790793626583041                  526527
       -9007485994285259    -8954633802840276993                  526527
       -9007211217042635    -8954633802840276993                  526527
       -9007211116379339    -8954633802840276993                  526527
       -9007211116378827    -6648790793626583041                  526511
       -9007211116248267    -8954633802840277121                  526527
       -9007211166711499    -8378173050536853505                  526527
       -9007211284151499    -8954352327863566337                  526527
       -9007211116379595    -7801712298233430017                  526527
       -9007211082824905    -9098748990916132865                    2239
       -9008310628007115    -7801712298233430017                  526527
       -9007211116412107    -8378173050536853505                  526527
       -9007208968895691    -8954633940279230465                  526527
       -9008310628007115    -8953507902933434369                  526527
       -9007211166711003    -8936619404330795009                  526527
       -9007211116379339    -8954633802840539137                  542911
       -9007211435146443    -8953507902933434369                  526527
      -36028808880602315    -8954633802840276993                  526527
       -9288685019348171    -8954633802840276993                  526527
       -9007211116641483    -8954633802840276993                  592063
       -9007211166709963    -8954633802840276993                  526511
       -9007202796977355    -8954563434096099329                  526527
       -9007202528541899    -8954633802840276993                  526527
    -1161928715723226315    -8954633802840276993                  526783
       -9147948604734667    -6648790793626583041                  526527
       -9008310628007051    -8954633802840276993                  526527
       -9007211250597067    -8954633802840276993                  559295
       -9007211116444875    -7801712298233430017                  526527
       -9007202578873547    -8954633802840276993                  526527
       -9007211217038539    -8954633802840276993                  526526
       -9007211116379339    -8954633802840408065                  657599
       -9007211166710987    -8954633802840276993                  526527
       -9007202528540875    -8954633802840276993                  526511
       -9007202526443723    -8954633802840276993                  524463
       -9007236936514763    -8954633802840276993                  526527
       -9007211084922059    -8954633802840276993                  526527
       -9007202526968011    -8954633802840276993                  655535
       -9007202492890827    -8954633802840276993                  524479
       -9007228296248523    -8954633802840276993                  592063
       -9007211166776523    -8954633802840276993                  592063
       -9042395454913739    -8954633802840276993                  526527
       -9007279819078859    -8954633802840276993                  526527
       -9007211133156555    -9098748990916132865                  526527
       -9007211166710991    -7801712298233430017                  526527
       -9007202526444748    -8954633802840276993                  786623
       -9007202492890315    -9098748990916132865                  524479
       -9007211183488201    -8954352327863566337                    2239
       -9288686093089995    -4342947784412889089                  526527
       -9007211217042636    -8954633802840276993                  788671
       -9007211116903627    -8954633802840276993                  657599
       -9007211166710988    -8954563434096099329                  526527
       -9007211166710859    -8954633802840276993                  526519
       -9007202526444683    -8954633802840276993                  524475
       -9042395488466123    -8954633802840276993                  526527
       -9007206873840843    -8954352327863566337                  526527
       -9007211217041611    -8954633802840276993                  526511
       -9007211116248267    -8954633802840276993                  526399
       -9007211100650699    -8954633802840276993                  526527
       -9007211084922571    -6648790793626583041                  526527
       -9007211670027467    -8954633802840276993                  526527
      -45036008236006603    -8378173050536853505                  526527
      -45036008135343307    -8378173050536853505                  526527
      -13510810743749835    -8954352327863566337                  526527
       -9007211166776523    -7801712298233430017                  526527
       -9007202895543499    -8954352327863566337                  524479
       -9007202794880203    -8954352327863566337                  524479
       -9011609246776523    -8954633802840276993                  526527
    -4620693229543767243    -8666403426688565249                  526527
       -9007215495232715    -8954633802840276993                  526527
       -9007215512009931    -8954633802840276993                  527551
       -9007211116378316    -8954563434096099329                  526511
       -9007211066047691    -9170806584954060801                  526527
       -9008310628007115    -8954352327863566337                  526527
       -9007215562341579    -8954352327863566337                  526527
       -9007211183488203    -7801712298233430017                  526527
       -9007211166973131    -8954633802840276993                  592063
       -9007202529066187    -8954633802840276993                  657599
       -9007202528542411    -6648790793626583041                  526527
       -9007215512009931    -8954352327863566337                  526527
       -9007215411346635    -8954352327863566337                  526527
       -9007211116379337    -8954633802840276993                    2239
       -9007211166710219    -8954633802840276993                  526527
       -9007211099602123    -9026691396878204929                  526527
       -9007202528541897    -8954633802840276993                    2239
       -9007752332590283    -6648790793626583041                  524479
       -9007202526969035    -8954633802840276993                  655551
       -9288677503155403    -8953507902933434369                  524479
       -9042386948865227    -8954633802840276993                  526527
       -9007211085446347    -8954633802840276993                  657599
       -9007211485478091    -8953507902933434369                  526527
       -9007211384814795    -8953507902933434369                  526527
       -9007211116379851    -8378173050536853505                  526527
       -9007203031858379    -8954633802840276993                  526527
       -9007211166710985    -8954633802840276993                    2239
       -9007202526440651    -8954633802840276993                  524478
      -13510810743749835    -8666403426688565249                  526527
       -9007211116379339    -8941123003958165505                  526527
       -9007206821412043    -8954633802840276993                  525503
       -9007236886183627    -6648790793626583041                  526527
       -9007211116444811    -8954633802840276993                  526527
       -9007211082825163    -7945827486309285889                  526527
       -9007211116410059    -8954633802840276993                  526527
     -297237587268091083    -8954633802840276993                  527551
       -9011609146113227    -9008676998368722945                  526527
       -9007211166776523    -4342947784412889089                  526527
     -297237587268091083    -8954633802840276993                  526591
       -9288686143421643    -8953507902933434369                  526527
       -9007211221236939    -8936619404330795009                  526527
       -9007202629205195    -8954633802840276993                  526527
       -9007485977509067    -8954633802840276993                  526527
       -9007211116377291    -8954633802840276993                  526495
       -9008310628006091    -8954352327863566337                  526511
       -9007211166711243    -8954563434096099329                  526527
       -9007211116379338    -8954563434096099329                    2239
       -9007760972856523    -6648790793626583041                  526527
       -9007760872193227    -6648790793626583041                  526527
       -9007760922524875    -8954633802840276993                  534719
       -9007211485478091    -8954633802840276993                  530623
       -9007211183488139    -8954633802840276993                  526527
       -9007211116379340    -8954563434096099329                  526527
       -9007202593553611    -8954352327863566337                  524479
       -9007211116379331    -8954633802840279041                  526527
       -9007202526445259    -6648790793626583041                  524479
      -11259010896510155    -8954633802840276993                  526527
      -81064805204638923    -4342947784412889089                  526527
       -9024803302423755    -8953507902933434369                  526527
       -9007486094949579    -8953507902933434369                  526527
       -9007485994286283    -8953507902933434369                  526527
       -9007211166706891    -8954633802840276993                  526526
       -9007211120573641    -8936619404330795009                    2239
       -9007211116379851    -8954633802840276993                  527039
       -9011609162890443    -8936619404330795009                  526527
       -9007211384814795    -8954352327863566337                  526527
       -9007211116377803    -8954633802840276993                  526527
       -9007211217043147    -6648790793626583041                  526527
       -9007211121097931    -8936619404330795009                  657599
       -9007211116378571    -8954633802840276993                  526527
       -9007211099593931    -9026691396878204929                  526525
       -9011600575053003    -8953507902933434369                  526527
      -27021609726524619    -8954633802840276993                  526591
       -9007211217108171    -8954633802840276993                  526591
       -9007211082825419    -8522288238612709377                  526527
