# 1. Iter.             2. Double Occ.       3. DoubOcc Av       
#           20060   0.00000000000        0.00000000000     
            20070  0.217717511649E-006  0.217717511649E-006
            20080 -0.308057486737E-006 -0.466748289564E-007
            20090 -0.551031371186E-006 -0.216726556695E-006
            20100  0.627532051726E-006 -0.200699470610E-008
            20110 -0.231099511095E-006 -0.488847790172E-007
            20120  0.239918626608E-006  0.641161515271E-009
            20130 -0.624497461206E-007 -0.868588465929E-008
            20140  0.504146815399E-006  0.580299539724E-007
            20150  0.307056761866E-006  0.869924151569E-007
            20160  0.546274936291E-006  0.135342242616E-006
            20170  0.175681643177E-006  0.139225132304E-006
            20180  0.160465497880E-006  0.141110031453E-006
            20190  0.289921556574E-006  0.153370050624E-006
            20200 -0.422249065595E-006  0.109081547006E-006
            20210  0.855744902999E-007  0.107383809664E-006
            20220 -0.522896877961E-007  0.965099109710E-007
            20230  0.413595917959E-006  0.116952169689E-006
            20240  0.675781180478E-006  0.151169594119E-006
            20250 -0.900971125091E-006  0.897872051417E-007
            20260  0.211297638387E-006  0.965603797186E-007
            20270  0.174777317971E-006  0.100736704191E-006
            20280  0.102310996655E-005  0.148014536771E-006
            20290 -0.269936392251E-007  0.139385345269E-006
            20300  0.298480739958E-006  0.146946527392E-006
            20310 -0.199424834986E-006  0.131053440448E-006
            20320 -0.566746985982E-006  0.100091727528E-006
            20330 -0.361051126338E-006  0.802766838836E-007
            20340  0.222002458137E-007  0.778566648831E-007
            20350  0.291801594933E-007  0.758872884719E-007
            20360  0.136922096506E-005  0.126751212065E-006
            20370 -0.839726814448E-006  0.897581660110E-007
            20380  0.299209556661E-006  0.975686425222E-007
            20390  0.652161634458E-006  0.117735733313E-006
            20400  0.131408107455E-006  0.118221011923E-006
            20410  0.273480428962E-006  0.123604048176E-006
            20420  0.105105786836E-006  0.122977027352E-006
            20430  0.797542471040E-006  0.145349573268E-006
            20440 -0.343162023591E-006  0.129486789427E-006
            20450  0.185040127809E-006  0.131254109131E-006
            20460 -0.841333009071E-007  0.124535624289E-006
            20470  0.496457516731E-006  0.135916459050E-006
            20480  0.550993829381E-006  0.148383887967E-006
            20490  0.223004561514E-006  0.150585033056E-006
            20500 -0.255311370902E-006  0.138819988788E-006
            20510 -0.669177896392E-006  0.115796061152E-006
            20520 -0.123290215730E-006  0.109095497901E-006
            20530 -0.321197711752E-008  0.105998420117E-006
            20540 -0.335376177420E-006  0.940159264316E-007
            20550 -0.570730043800E-006  0.762417177762E-007
            20560 -0.339498305958E-006  0.652898892265E-007
            20570  0.241030567769E-007  0.642204730797E-007
            20580  0.417847706831E-006  0.732740972779E-007
            20590  0.232774395091E-006  0.773021344840E-007
            20600 -0.394679593034E-006  0.655414170852E-007
            20610  0.672968162175E-007  0.655845867766E-007
