#    Iteration    Energy numerator  1    Spin^2 numerator  1       EN2 numerator  1   Var+EN2 numerator  1       Normalisation  1
          2270   -4.8873732618095E+11   -7.8479187623382E+05   -7.7911726949767E+06   -4.8874511735364E+11    3.6251362071094E+07
          2370   -4.3248074078109E+11    5.8782188740969E+04   -5.4001946930507E+05   -4.3248128080056E+11    3.2078595345297E+07
          2470   -3.8564211487164E+11   -1.3342646383295E+06   -7.8990278800089E+06   -3.8565001389952E+11    2.8604401018798E+07
          2570   -3.4557129639770E+11    3.5058329965925E+05   -1.6325774829360E+06   -3.4557292897518E+11    2.5632206321464E+07
          2670   -3.1164965882638E+11   -1.1698660081580E+06    1.5651010981149E+06   -3.1164809372528E+11    2.3116108472448E+07
          2770   -2.8228001125252E+11    9.5426555761671E+05   -6.6313031363983E+06   -2.8228664255566E+11    2.0937653093137E+07
          2870   -2.5724597243317E+11    3.4578472212934E+05    8.7417380214532E+05   -2.5724509825937E+11    1.9080782233547E+07
          2970   -2.3505948940433E+11   -1.6362504357171E+05   -3.8919184538071E+06   -2.3506338132278E+11    1.7435131558077E+07
          3070   -2.1549383749523E+11   -1.7922288827181E+04   -7.6658372079203E+05   -2.1549460407895E+11    1.5983873207694E+07
          3170   -1.9843381851105E+11   -3.4988295628095E+05    7.8785488530943E+05   -1.9843303065617E+11    1.4718480596569E+07
          3270   -1.8350173061401E+11    2.7075944535971E+04    0.0000000000000E+00   -1.8350173061401E+11    1.3610908470799E+07
          3370   -1.7000439388960E+11   -4.7976654448295E+05   -2.9887692503177E+06   -1.7000738265885E+11    1.2609759953682E+07
          3470   -1.5775849750408E+11   -1.9560095938849E+06    2.1507933722608E+06   -1.5775634671071E+11    1.1701452818508E+07
          3570   -1.4721474150425E+11    2.9821103250313E+05   -2.8793736170359E+06   -1.4721762087787E+11    1.0919375938665E+07
          3670   -1.3768125014730E+11   -1.0031499473205E+06   -3.5783984209966E+06   -1.3768482854572E+11    1.0212251465128E+07
          3770   -1.2898993640348E+11    3.0086750432682E+05    5.3843068345975E+06   -1.2898455209664E+11    9.5675824021978E+06
          3870   -1.2129209477012E+11    5.8094836927843E+05    6.2044841784074E+05   -1.2129147432171E+11    8.9966055544581E+06
          3970   -1.1426605153161E+11   -2.7324848025656E+05   -4.6419489510129E+06   -1.1427069348056E+11    8.4754596873975E+06
          4070   -1.0795624297762E+11    7.3412921085644E+05   -3.6803318043267E+06   -1.0795992330942E+11    8.0074375938712E+06
          4170   -1.0222969737467E+11    1.4605282660151E+05    2.8130659218177E+06   -1.0222688430875E+11    7.5826810604530E+06
          4270   -9.7045489895279E+10    2.8091755797625E+05    6.0458909098292E+05   -9.7044885306188E+10    7.1981451391362E+06
          4370   -9.2263916217496E+10   -1.7385410403309E+06    0.0000000000000E+00   -9.2263916217496E+10    6.8434873773804E+06
          4470   -8.7811587866741E+10   -2.5819518224621E+05   -3.6756423481962E+06   -8.7815263509089E+10    6.5132457139595E+06
          4570   -8.3802156604211E+10   -1.4887273909092E+04   -3.6608867093455E+06   -8.3805817490920E+10    6.2158559182637E+06
          4670   -8.0288583928669E+10   -6.3981955822802E+05   -3.9522150921491E+06   -8.0292536143761E+10    5.9552377103779E+06
          4770   -7.6888961550905E+10   -4.0166388209867E+05    9.6248288142994E+04   -7.6888865302617E+10    5.7030787234854E+06
          4870   -7.3812264583358E+10    3.2013319395542E+05    3.8481122143476E+06   -7.3808416471144E+10    5.4748682686132E+06
          4970   -7.0797014564346E+10    1.9882245414162E+05    3.2299687716725E+06   -7.0793784595574E+10    5.2512223668183E+06
          5070   -6.8051239699773E+10    6.2457862262249E+04   -4.9426948811428E+06   -6.8056182394655E+10    5.0475525952604E+06
          5170   -6.5584858369562E+10   -3.8046751134491E+05    2.4347409023923E+06   -6.5582423628659E+10    4.8646160556201E+06
          5270   -6.3470326329384E+10    1.8134060946798E+05    5.2702062978201E+06   -6.3465056123086E+10    4.7077671947253E+06
          5370   -6.1307041312396E+10   -4.2514035773277E+05   -7.5905089376879E+05   -6.1307800363290E+10    4.5473198157840E+06
          5470   -5.8837030784812E+10   -5.5869033133745E+05    8.4882541259852E+05   -5.8836181959399E+10    4.3641053124039E+06
          5570   -5.6778122217991E+10    2.5813365782166E+05   -3.7063864359236E+06   -5.6781828604427E+10    4.2113865599977E+06
          5670   -5.5059047387683E+10    5.9421412940025E+04    1.3998036915378E+06   -5.5057647583991E+10    4.0838805046648E+06
          5770   -5.3451161954947E+10    4.2877466949320E+05   -6.4458149403952E+06   -5.3457607769888E+10    3.9646121362222E+06
          5870   -5.2085841256616E+10   -1.2072139780188E+05   -2.2222594223724E+05   -5.2086063482558E+10    3.8633481553674E+06
          5970   -5.0613909911773E+10    3.6913240187454E+05   -6.1869165632830E+06   -5.0620096828337E+10    3.7541683740073E+06
          6070   -4.9299750713674E+10   -3.9088929525614E+05    1.3135719755047E+06   -4.9298437141698E+10    3.6566906380302E+06
          6170   -4.7827409004274E+10    1.9920422687531E+03    1.9354471589714E+06   -4.7825473557115E+10    3.5474885808841E+06
          6270   -4.6507048846249E+10    1.3568497684908E+05    0.0000000000000E+00   -4.6507048846249E+10    3.4495514361978E+06
          6370   -4.5333857473283E+10    8.4276607474804E+04    4.7675217074076E+06   -4.5329089951576E+10    3.3625317001584E+06
          6470   -4.4127201089321E+10   -5.0541736450005E+05   -1.7490330232372E+06   -4.4128950122345E+10    3.2730335270209E+06
          6570   -4.2964982890875E+10    4.3625952243662E+05   -4.1683291899884E+06   -4.2969151220065E+10    3.1868234075361E+06
          6670   -4.1932908998237E+10    1.8357938204288E+05   -2.2821722055807E+06   -4.1935191170443E+10    3.1102756031700E+06
          6770   -4.1055294102893E+10   -5.7350466263294E+05    1.8945235885909E+06   -4.1053399579304E+10    3.0451873983936E+06
          6870   -4.0162231435104E+10    1.4263545978928E+05    2.5614846713090E+06   -4.0159669950433E+10    2.9789437206675E+06
          6970   -3.9269301868325E+10   -3.5058192648029E+05    5.6675064027850E+06   -3.9263634361922E+10    2.9127096378272E+06
          7070   -3.8361147192540E+10   -3.0103168137360E+05   -1.6188513395327E+06   -3.8362766043880E+10    2.8453397918760E+06
          7170   -3.7513342572808E+10   -1.9539590221119E+05    2.9467462665647E+05   -3.7513047898181E+10    2.7824659701269E+06
          7270   -3.6740509658884E+10    4.0496056469345E+05   -2.1578937386993E+06   -3.6742667552622E+10    2.7251402062777E+06
          7370   -3.6040117847511E+10    5.2062914615154E+04   -1.7781626878694E+06   -3.6041896010199E+10    2.6731872057403E+06
          7470   -3.5278404307214E+10   -6.7871937318277E+05    3.5046306978751E+06   -3.5274899676516E+10    2.6166897723105E+06
          7570   -3.4559382677750E+10    1.3862240905952E+05   -1.3111847383324E+06   -3.4560693862488E+10    2.5633626905996E+06
          7670   -3.3952485559848E+10    7.3768352401257E+04   -4.4023717658335E+06   -3.3956887931613E+10    2.5183438399140E+06
          7770   -3.3460667656678E+10   -1.6543079849434E+05    1.4380490761761E+06   -3.3459229607602E+10    2.4818572709097E+06
          7870   -3.2885041333885E+10   -2.7057364356279E+05   -2.2254138054108E+06   -3.2887266747690E+10    2.4391705644230E+06
          7970   -3.2226417415626E+10   -1.1760908395147E+05   -2.2305494230506E+06   -3.2228647965049E+10    2.3903176861972E+06
          8070   -3.1643901445673E+10    1.9708562067509E+04    3.9482694074048E+06   -3.1639953176265E+10    2.3471117660354E+06
          8170   -3.1146815819886E+10   -3.7610230814600E+05    1.3631277661577E+05   -3.1146679507109E+10    2.3102405226538E+06
          8270   -3.0612345732885E+10   -5.6660408982277E+04    4.9535812076171E+05   -3.0611850374764E+10    2.2705977289156E+06
          8370   -3.0109500091904E+10   -5.7793943939352E+05    1.5606794959044E+06   -3.0107939412408E+10    2.2332937514330E+06
          8470   -2.9571447151333E+10    7.8421814804077E+04    6.6735631068240E+04   -2.9571380415702E+10    2.1933905586672E+06
          8570   -2.9200263035045E+10    4.1644845333099E+03    0.0000000000000E+00   -2.9200263035045E+10    2.1658565796812E+06
          8670   -2.8781358016252E+10    1.9474199520683E+05   -1.5989648997644E+06   -2.8782956981152E+10    2.1347844535115E+06
          8770   -2.8343718701708E+10   -4.0806091370440E+05    2.4101638850662E+06   -2.8341308537823E+10    2.1023238864568E+06
          8870   -2.7859179245516E+10   -3.1463673488712E+05   -1.4507670807557E+06   -2.7860630012596E+10    2.0663886959992E+06
          8970   -2.7443521402410E+10   -4.9675395047569E+05    0.0000000000000E+00   -2.7443521402410E+10    2.0355515113644E+06
          9070   -2.7074219608257E+10    2.1304993683100E+05   -1.2507295433845E+06   -2.7075470337800E+10    2.0081651750588E+06
          9170   -2.6797319150601E+10   -5.0833717608452E+03   -1.6799037684111E+06   -2.6798999054369E+10    1.9876226849903E+06
          9270   -2.6603728942621E+10   -2.2051245766163E+04    3.9015725273610E+06   -2.6599827370094E+10    1.9732649603024E+06
          9370   -2.6283301039267E+10    1.3029101118326E+05    4.4523709700924E+05   -2.6282855802170E+10    1.9495027867197E+06
          9470   -2.5914334254007E+10   -1.4292829562616E+05    5.7722659003163E+05   -2.5913757027417E+10    1.9221297679522E+06
          9570   -2.5585223518819E+10   -1.2976353453779E+05   -2.3229711744395E+06   -2.5587546489994E+10    1.8977194749069E+06
          9670   -2.5355629134724E+10   -1.9337109130716E+05   -3.7705232126361E+06   -2.5359399657936E+10    1.8806865515895E+06
          9770   -2.5160728558076E+10    1.7807015897560E+05    1.9892831506886E+06   -2.5158739274925E+10    1.8662306260985E+06
          9870   -2.4904530033287E+10    2.0129090357208E+05    1.7216484782761E+06   -2.4902808384809E+10    1.8472362409260E+06
          9970   -2.4573779736500E+10   -7.4539972509623E+05   -1.6284841341759E+06   -2.4575408220634E+10    1.8227042627026E+06
         10070   -2.4403506782326E+10    1.8728243099213E+05    1.8196309725262E+06   -2.4401687151354E+10    1.8100651670595E+06
         10170   -2.4306962771292E+10   -4.1456327492666E+05   -2.9983801717764E+06   -2.4309961151464E+10    1.8029028037820E+06
         10270   -2.4140321417947E+10    1.5871048250103E+05   -1.0101435688627E+05   -2.4140422432304E+10    1.7905479820219E+06
         10370   -2.3938155047364E+10    6.2674993802547E+04   -8.0815934756049E+06   -2.3946236640840E+10    1.7755545460539E+06
         10470   -2.3750670457540E+10   -2.1435741927147E+05   -1.1647901011118E+06   -2.3751835247641E+10    1.7616349668656E+06
         10570   -2.3557665078704E+10   -4.5526396734905E+05   -1.6930766353321E+06   -2.3559358155339E+10    1.7473291064945E+06
         10670   -2.3358238438870E+10   -8.5646662027359E+04    1.5255198945398E+06   -2.3356712918976E+10    1.7325353692676E+06
         10770   -2.3129431198471E+10   -2.3946840034056E+05   -5.5787860610345E+06   -2.3135009984532E+10    1.7155652356784E+06
         10870   -2.2975462763717E+10    1.9319492960358E+05   -8.7812763964621E+05   -2.2976340891356E+10    1.7041442403107E+06
         10970   -2.2899139784698E+10    1.4212705733013E+05   -2.2339697581431E+06   -2.2901373754456E+10    1.6984759868550E+06
         11070   -2.2806792408438E+10   -1.8555995112896E+05    2.9548685145363E+06   -2.2803837539923E+10    1.6916332233298E+06
         11170   -2.2573235918239E+10   -6.3987016540337E+05   -7.9838863369961E+05   -2.2574034306873E+10    1.6743167947162E+06
         11270   -2.2354440507599E+10   -6.2893444357872E+05   -6.5366684488128E+06   -2.2360977176047E+10    1.6580805235066E+06
         11370   -2.2123611440172E+10    4.1978527019501E+04    3.3298155971263E+06   -2.2120281624575E+10    1.6409671656545E+06
         11470   -2.1910769986735E+10    1.3088865354061E+05    4.4503164909292E+06   -2.1906319670244E+10    1.6251770800711E+06
         11570   -2.1736077526765E+10   -6.0796562338829E+04    5.8459637020547E+06   -2.1730231563063E+10    1.6122204337152E+06
         11670   -2.1531525179739E+10    6.7900564172268E+05    1.5242414773592E+06   -2.1530000938262E+10    1.5970519640816E+06
         11770   -2.1437674216496E+10    2.0818578315163E+05    1.9367156102345E+06   -2.1435737500886E+10    1.5900897595015E+06
         11870   -2.1299317189472E+10    2.6305008571053E+05   -5.6254677269609E+06   -2.1304942657199E+10    1.5798194576387E+06
         11970   -2.1204717443988E+10    1.2372483081322E+06    4.0017589165216E+06   -2.1200715685072E+10    1.5727990647333E+06
         12070   -2.1029360850944E+10   -4.4051701061726E+05    1.3267693308793E+06   -2.1028034081613E+10    1.5598028438144E+06
         12170   -2.0947865746236E+10    3.1745998392105E+03    9.9719013751467E+05   -2.0946868556099E+10    1.5537433137319E+06
         12270   -2.0850411229808E+10   -3.1396429552460E+05    0.0000000000000E+00   -2.0850411229808E+10    1.5465199194889E+06
         12370   -2.0776911056931E+10    7.9598570581436E+04   -8.1070808901507E+06   -2.0785018137821E+10    1.5410732675275E+06
         12470   -2.0613966299142E+10   -4.0468570079803E+03    0.0000000000000E+00   -2.0613966299142E+10    1.5289899673177E+06
         12570   -2.0493741233488E+10   -2.0472776485062E+05    3.9231156436084E+06   -2.0489818117845E+10    1.5200761701941E+06
         12670   -2.0421909629261E+10   -2.3174502674389E+05   -6.1011590156716E+06   -2.0428010788276E+10    1.5147418871220E+06
         12770   -2.0412050027493E+10   -1.9558335929871E+05    6.6900790514179E+06   -2.0405359948442E+10    1.5140126498737E+06
         12870   -2.0327010663360E+10   -3.9132807359886E+05    5.9611423653609E+05   -2.0326414549124E+10    1.5077042431176E+06
         12970   -2.0187912398930E+10   -3.5647228663826E+05    0.0000000000000E+00   -2.0187912398930E+10    1.4973905693027E+06
         13070   -2.0016530767412E+10    1.5498111899281E+05    9.3057154465868E+05   -2.0015600195867E+10    1.4846732681793E+06
         13170   -1.9944654277731E+10    5.2973073715782E+05    2.1954791404269E+06   -1.9942458798591E+10    1.4793427723066E+06
         13270   -1.9886510623678E+10   -1.5812048442745E+05    5.4707034715285E+05   -1.9885963553331E+10    1.4750257665951E+06
#    Iteration    Energy numerator  1    Spin^2 numerator  1       EN2 numerator  1   Var+EN2 numerator  1       Normalisation  1
         29620   -1.3394953406763E+11   -3.4858792007026E+05   -4.7175258024994E+05   -1.3395000582021E+11    9.9353565771030E+06
         29720   -1.3036730765630E+11    3.1341833471504E+05    9.4844811852449E+06   -1.3035782317511E+11    9.6696314878994E+06
         29820   -1.2725983687450E+11    3.3779568269846E+05   -2.3665205115374E+06   -1.2726220339501E+11    9.4391721198069E+06
         29920   -1.2444896910257E+11    9.2531710020694E+05    5.8125396383987E+05   -1.2444838784861E+11    9.2306589765730E+06
         30020   -1.2216948415126E+11   -1.1462484310626E+06    3.4982100953848E+06   -1.2216598594116E+11    9.0615975810474E+06
         30120   -1.1977166360956E+11    1.3081436945044E+06   -1.8427786584069E+06   -1.1977350638822E+11    8.8837552094363E+06
         30220   -1.1808790699267E+11   -1.5077451766777E+05    5.1821503275252E+06   -1.1808272484234E+11    8.7588062602628E+06
         30320   -1.1635410791111E+11    3.0822694887996E+05   -2.9755838077155E+06   -1.1635708349492E+11    8.6302443613248E+06
         30420   -1.1421279775198E+11   -2.9177264380622E+05    2.2306509473523E+06   -1.1421056710103E+11    8.4714502831715E+06
#    Iteration    Energy numerator  1    Spin^2 numerator  1       EN2 numerator  1   Var+EN2 numerator  1       Normalisation  1
#    Iteration    Energy numerator  1    Spin^2 numerator  1       EN2 numerator  1   Var+EN2 numerator  1       Normalisation  1
         43910   -7.2615572366151E+11    3.4087397235222E+06   -2.2675907933389E+07   -7.2617839956944E+11    5.3860574881438E+07
         44010   -7.2206595790444E+11   -6.9707782444626E+05    4.7593846431882E+06   -7.2206119851980E+11    5.3557258607573E+07
         44110   -7.1930540237004E+11   -8.5278628684759E+05   -1.0850715421773E+06   -7.1930648744159E+11    5.3352404131226E+07
         44210   -7.1667860630648E+11    4.3267280685244E+06    1.0749305456739E+07   -7.1666785700102E+11    5.3157610404122E+07
         44310   -7.1270637344465E+11    6.4908833379173E+05   -1.7330649209012E+07   -7.1272370409386E+11    5.2863036959574E+07
         44410   -7.0958279715585E+11    1.8044814652805E+06    2.3484269950843E+07   -7.0955931288590E+11    5.2631286235795E+07
         44510   -7.0780856275637E+11    3.6218285239038E+06   -8.4416700028924E+06   -7.0781700442637E+11    5.2499743757705E+07
         44610   -7.0436436935745E+11    9.2742109833574E+05    1.0048642441150E+07   -7.0435432071501E+11    5.2244306065678E+07
         44710   -7.0020996667827E+11    4.1244240921211E+06   -3.3231668453519E+07   -7.0024319834672E+11    5.1936192633748E+07
         44810   -6.9696827995631E+11    3.5888076928821E+06   -3.1812065591923E+07   -6.9700009202190E+11    5.1695688639296E+07
         44910   -6.9388581469868E+11   -3.5103058675022E+06   -1.7325145178924E+07   -6.9390313984386E+11    5.1467111128295E+07
         45010   -6.9113885327110E+11    1.7413140107574E+06   -3.0085551307334E+07   -6.9116893882241E+11    5.1263384171003E+07
         45110   -6.8933373234979E+11    8.3754380574226E+04   -6.2365456839933E+05   -6.8933435600435E+11    5.1129443555784E+07
         45210   -6.8695902130599E+11   -3.0148369255295E+06    5.6873310351320E+06   -6.8695333397496E+11    5.0953252337287E+07
         45310   -6.8532442689781E+11    1.7125664230194E+06    1.8308070811912E+07   -6.8530611882700E+11    5.0831988585357E+07
         45410   -6.8332946440126E+11    2.1826736624880E+06   -1.7965880409152E+07   -6.8334743028167E+11    5.0684048071873E+07
         45510   -6.8128947330719E+11   -5.8715531890869E+04    5.4738601783000E+05   -6.8128892592118E+11    5.0532729008373E+07
         45610   -6.7928271756486E+11   -4.7657663211775E+06    1.0916028704933E+07   -6.7927180153615E+11    5.0383962954375E+07
         45710   -6.7736747715155E+11    2.2361901215582E+06   -1.7841416243904E+07   -6.7738531856779E+11    5.0241906509521E+07
         45810   -6.7545449280052E+11    6.7006666955662E+05   -1.9097124776687E+07   -6.7547358992529E+11    5.0099941030572E+07
         45910   -6.7353076444201E+11    1.4959913404684E+06    4.8847792709560E+06   -6.7352587966273E+11    4.9957341428441E+07
         46010   -6.7111491597211E+11    1.6438641602421E+06   -6.9696707720023E+06   -6.7112188564288E+11    4.9778120660443E+07
         46110   -6.7002249345905E+11    2.1438178188267E+06   -1.7426582893799E+07   -6.7003992004195E+11    4.9697039979868E+07
         46210   -6.6893701395716E+11   -1.4917504207077E+06    2.4664373007472E+07   -6.6891234958415E+11    4.9616562600264E+07
         46310   -6.6688725151645E+11    3.3088644950790E+06   -6.9000603739439E+06   -6.6689415157682E+11    4.9464555715766E+07
         46410   -6.6490251320031E+11    5.5151683858242E+06   -3.6662954157232E+06   -6.6490617949573E+11    4.9317350629483E+07
         46510   -6.6286844126545E+11    6.9068679739571E+06   -1.0678456701397E+07   -6.6287911972215E+11    4.9166467054499E+07
         46610   -6.6030659073557E+11   -1.1364508606110E+06    5.6123705826740E+06   -6.6030097836498E+11    4.8976461520638E+07
         46710   -6.5837074871520E+11    9.8077757200623E+05   -3.2280738717277E+07   -6.5840302945392E+11    4.8832851158813E+07
         46810   -6.5756689952632E+11   -3.4275955386353E+05    1.8473065155884E+06   -6.5756505221980E+11    4.8773223394318E+07
         46910   -6.5588158711080E+11   -1.3023454470119E+06    9.8400822462054E+06   -6.5587174702855E+11    4.8648177258201E+07
         47010   -6.5353020141221E+11   -1.2065043197155E+06   -3.3320524933382E+07   -6.5356352193714E+11    4.8473802632035E+07
         47110   -6.5207222661998E+11    9.2088574707718E+06    2.1301999723935E+06   -6.5207009642001E+11    4.8365661696754E+07
         47210   -6.5160850182614E+11    1.6523164210510E+06   -2.8330864624296E+07   -6.5163683269076E+11    4.8331203798142E+07
         47310   -6.5008735017469E+11    1.8808071558609E+06   -2.3958757750976E+06   -6.5008974605047E+11    4.8218441544832E+07
         47410   -6.4867624896046E+11   -3.6512675507660E+06   -3.4164667460666E+06   -6.4867966542721E+11    4.8113813151765E+07
         47510   -6.4784840545034E+11    1.1874289296532E+05    7.1859084959625E+06   -6.4784121954184E+11    4.8052398291682E+07
         47610   -6.4742293555504E+11    1.5970520867062E+06   -1.0635180110665E+07   -6.4743357073515E+11    4.8020710734023E+07
         47710   -6.4719403561714E+11    8.9383303679276E+05    1.0836048459198E+05   -6.4719392725665E+11    4.8003904086502E+07
         47810   -6.4673732461312E+11   -7.6659078697395E+05   -1.2492855086888E+06   -6.4673857389863E+11    4.7969909399209E+07
         47910   -6.4563534777217E+11   -2.0293069082069E+06    9.3567662795912E+05   -6.4563441209554E+11    4.7888229656881E+07
         48010   -6.4461416114655E+11   -3.7114754309120E+06   -7.8806066336549E+06   -6.4462204175318E+11    4.7812423950962E+07
         48110   -6.4289215963134E+11   -9.6019867977715E+05    9.0025666482668E+06   -6.4288315706469E+11    4.7684757871696E+07
         48210   -6.4168892625541E+11   -4.5354728951492E+06    2.9099004289234E+07   -6.4165982725112E+11    4.7595533015511E+07
         48310   -6.4023039932875E+11   -2.8438816500549E+06    3.8532429879530E+06   -6.4022654608576E+11    4.7487343341226E+07
         48410   -6.3915017077905E+11   -4.5726939969063E+06    1.1788933967412E+07   -6.3913838184508E+11    4.7407236932319E+07
         48510   -6.3881172232130E+11    1.7314167212677E+06    3.0348651122121E+07   -6.3878137367018E+11    4.7382073827967E+07
         48610   -6.3782482945292E+11    1.7977071060944E+05    1.7776565034658E+06   -6.3782305179642E+11    4.7308822526824E+07
         48710   -6.3649421363666E+11   -1.3325183875389E+06   -2.1904039179949E+07   -6.3651611767584E+11    4.7210302940469E+07
         48810   -6.3523377985798E+11   -2.1994656642189E+06   -4.1578089199577E+06   -6.3523793766690E+11    4.7116699077702E+07
         48910   -6.3416303785606E+11    2.3738486573982E+06    5.3264082683841E+06   -6.3415771144779E+11    4.7037223754461E+07
         49010   -6.3262445337200E+11   -2.7620728961296E+06   -1.4133936827326E+07   -6.3263858730883E+11    4.6923280008770E+07
         49110   -6.3162877340812E+11   -2.2756074526787E+06    1.4738310801606E+07   -6.3161403509732E+11    4.6849255031100E+07
         49210   -6.3025243543741E+11   -1.5224153473701E+06    7.5389196133027E+06   -6.3024489651779E+11    4.6747242408814E+07
         49310   -6.2843766531780E+11    2.0755126269073E+06   -2.4448405070965E+07   -6.2846211372287E+11    4.6612543858820E+07
         49410   -6.2751783703062E+11    7.1086451333237E+05    6.5464445522574E+06   -6.2751129058607E+11    4.6544439160824E+07
         49510   -6.2678726743377E+11    2.6101885693359E+05   -1.8538329345433E+07   -6.2680580576311E+11    4.6490207020212E+07
         49610   -6.2566536103230E+11   -3.6967656219063E+06    9.3639261963593E+04   -6.2566526739303E+11    4.6407026132888E+07
         49710   -6.2515697195555E+11    1.9047052742996E+06   -2.2380032620780E+07   -6.2517935198817E+11    4.6369252323595E+07
         49810   -6.2428205145589E+11   -4.9475270790977E+06   -1.2788358512366E+06   -6.2428333029174E+11    4.6304406608437E+07
         49910   -6.2369771896266E+11    2.5952355318375E+06   -2.9640360505337E+05   -6.2369801536626E+11    4.6260976916484E+07
         50010   -6.2335715723448E+11   -1.0532953203392E+06   -1.8926684722568E+07   -6.2337608391921E+11    4.6235821940947E+07
         50110   -6.2259294856793E+11    1.5309442641068E+06    1.3003173432966E+06   -6.2259164825059E+11    4.6179076760692E+07
         50210   -6.2079643086825E+11    1.1043615610619E+06    6.6941419961921E+06   -6.2078973672625E+11    4.6045951217183E+07
         50310   -6.1883762059509E+11   -3.3979769047546E+05   -1.0732692282607E+07   -6.1884835328738E+11    4.5900647419055E+07
         50410   -6.1744377770694E+11    1.0808670951958E+06    1.3205392755707E+07   -6.1743057231418E+11    4.5797172213610E+07
         50510   -6.1643811457626E+11   -1.1191899999237E+06   -6.1026017258730E+06   -6.1644421717798E+11    4.5722555255293E+07
         50610   -6.1540105657208E+11   -3.3190499398918E+06   -3.1665046155119E+06   -6.1540422307669E+11    4.5645734984018E+07
         50710   -6.1430061757696E+11   -5.2515503533173E+05   -8.2458704065875E+06   -6.1430886344737E+11    4.5564078721755E+07
         50810   -6.1346249925695E+11   -4.2761192393837E+06   -8.5600151069385E+06   -6.1347105927205E+11    4.5501941718642E+07
         50910   -6.1244655664945E+11   -3.5174015931854E+06   -3.2136071705893E+06   -6.1244977025662E+11    4.5426612422400E+07
         51010   -6.1130490700236E+11    2.6702259065285E+06    1.1650428871149E+07   -6.1129325657349E+11    4.5341741636154E+07
         51110   -6.1087003637269E+11    7.4350675147629E+05    3.1570794844890E+06   -6.1086687929320E+11    4.5309561598645E+07
         51210   -6.0928145386415E+11   -1.9636550375443E+06   -2.0528556089993E+07   -6.0930198242024E+11    4.5191760088699E+07
         51310   -6.0845781961250E+11    5.8974368700409E+05    5.1174979644456E+06   -6.0845270211454E+11    4.5130624872441E+07
         51410   -6.0824046690867E+11    7.1497005699921E+05    2.1058346890372E+07   -6.0821940856178E+11    4.5114524187171E+07
         51510   -6.0820836599473E+11    8.5410361083221E+05    4.7708245779373E+06   -6.0820359517016E+11    4.5112122158735E+07
         51610   -6.0734211406930E+11    3.3787180352211E+06    6.3696196652368E+06   -6.0733574444964E+11    4.5047903151208E+07
         51710   -6.0705584599143E+11    1.5053501865044E+06    3.8519700402178E+06   -6.0705199402139E+11    4.5026667727323E+07
         51810   -6.0562198389112E+11    7.8238782491302E+05    3.5214096455979E+06   -6.0561846248147E+11    4.4920283518964E+07
         51910   -6.0433998112984E+11   -1.7234670116310E+06   -1.6888732984915E+07   -6.0435686986283E+11    4.4825270232219E+07
         52010   -6.0351396154276E+11    2.8788661193695E+06    2.9843136659053E+06   -6.0351097722909E+11    4.4763993298165E+07
         52110   -6.0337945541958E+11    5.1445653177261E+05    1.0859936040680E+07   -6.0336859548354E+11    4.4753966426290E+07
         52210   -6.0253180788029E+11   -8.1346796565247E+05    2.3989531257417E+07   -6.0250781834903E+11    4.4691169754445E+07
         52310   -6.0049728617987E+11    4.5180596609116E+06   -5.8986390800741E+06   -6.0050318481895E+11    4.4540256398350E+07
         52410   -6.0010832403162E+11   -4.4916971562805E+06   -7.9089498693655E+06   -6.0011623298149E+11    4.4511445647568E+07
         52510   -5.9977054531998E+11   -2.1379666783485E+06    5.0225305609747E+06   -5.9976552278942E+11    4.4486310592386E+07
         52610   -5.9847003260797E+11   -2.9049098069077E+06    2.3223549844095E+07   -5.9844680905812E+11    4.4389753173087E+07
         52710   -5.9625956945172E+11   -9.6696944487000E+05   -2.1898832956228E+07   -5.9628146828467E+11    4.4225941776161E+07
         52810   -5.9504703884698E+11   -9.1529088600540E+05   -1.5399999820677E+06   -5.9504857884697E+11    4.4135972740955E+07
         52910   -5.9429985836127E+11   -5.1363832530899E+06    1.1996681888719E+07   -5.9428786167938E+11    4.4080488580044E+07
         53010   -5.9471012532936E+11    2.4471568016586E+06   -2.0249302589099E+06   -5.9471215025962E+11    4.4110925371407E+07
         53110   -5.9362522476591E+11    1.5429122058105E+05   -5.6299869668169E+05   -5.9362578776461E+11    4.4030485010406E+07
         53210   -5.9294644389479E+11    3.4242580544891E+06    1.3529296725617E+07   -5.9293291459806E+11    4.3980148723010E+07
         53310   -5.9245219330135E+11    1.6018366090088E+06   -2.2097349789098E+05   -5.9245241427485E+11    4.3943578374853E+07
         53410   -5.9239176956882E+11   -1.3859788746948E+06   -6.9592392976487E+06   -5.9239872880812E+11    4.3939004257887E+07
         53510   -5.9275189858589E+11   -7.8144789112091E+05   -1.6202740587930E+06   -5.9275351885995E+11    4.3965762544792E+07
         53610   -5.9122040480986E+11   -1.0166362756195E+06    1.7355249637354E+07   -5.9120304956022E+11    4.3852171953648E+07
         53710   -5.9061061306141E+11    2.0478975932770E+06   -1.7723061813257E+07   -5.9062833612323E+11    4.3806911643702E+07
         53810   -5.8939764693632E+11    8.1861373604584E+05   -8.9666948398671E+06   -5.8940661363116E+11    4.3716841335491E+07
         53910   -5.8900503146786E+11   -1.2551841746979E+06    6.9019233746787E+06   -5.8899812954448E+11    4.3687889272406E+07
         54010   -5.8860958464172E+11    2.4302869994965E+06    1.7805865835942E+07   -5.8859177877588E+11    4.3658518637100E+07
         54110   -5.8767285737869E+11    2.2172457879486E+06   -2.4969546558555E+07   -5.8769782692525E+11    4.3588943383621E+07
         54210   -5.8787517547216E+11   -1.9215256504593E+06    1.8420846655914E+07   -5.8785675462550E+11    4.3604012778845E+07
         54310   -5.8764361893805E+11   -5.6059039867859E+06    8.9015092721728E+04   -5.8764352992296E+11    4.3586856113191E+07
         54410   -5.8775040548415E+11   -2.0200700957031E+06    1.6618153164136E+06   -5.8774874366883E+11    4.3594752478976E+07
         54510   -5.8629088868557E+11    3.0629504259949E+06   -7.5883737941356E+06   -5.8629847705936E+11    4.3486538679438E+07
         54610   -5.8561982013952E+11    1.1175703010178E+06    3.3952316586703E+07   -5.8558586782294E+11    4.3436743591366E+07
         54710   -5.8522273624771E+11    5.7987921386719E+05   -2.3126762363008E+07   -5.8524586301007E+11    4.3407314331837E+07
         54810   -5.8520303115745E+11   -3.0875061534958E+06   -4.0116270722041E+05   -5.8520343232016E+11    4.3405839299555E+07
         54910   -5.8505880021619E+11    7.7848074967957E+05    1.7240968564284E+07   -5.8504155924762E+11    4.3395171437876E+07
         55010   -5.8474589656481E+11   -1.0963322735901E+06   -1.3683794859254E+07   -5.8475958035967E+11    4.3371867161696E+07
         55110   -5.8449903155356E+11   -1.3430805267105E+06    7.2254410412022E+06   -5.8449180611252E+11    4.3353609499298E+07
         55210   -5.8375765448069E+11   -2.1773374447327E+06   -2.8157235123422E+07   -5.8378581171581E+11    4.3298612488052E+07
         55310   -5.8275378860816E+11   -3.2403376107483E+06    1.0324061347708E+07   -5.8274346454681E+11    4.3224126027393E+07
         55410   -5.8264120902802E+11    4.1732828692627E+06    1.8469002236152E+07   -5.8262274002578E+11    4.3215801177011E+07
         55510   -5.8200571326714E+11    1.8771320347748E+06   -4.0519424828032E+05   -5.8200611846139E+11    4.3168713317331E+07
         55610   -5.8119987112266E+11    8.2433927440643E+05   -9.8917489990494E+06   -5.8120976287166E+11    4.3108888860613E+07
         55710   -5.8088865752675E+11   -2.3611065537109E+06   -8.7653091926306E+06   -5.8089742283594E+11    4.3085817616206E+07
         55810   -5.8067306302194E+11    2.4154101179886E+06   -3.4796995788628E+07   -5.8070786001773E+11    4.3069770718027E+07
         55910   -5.7935662541348E+11    2.0038175802383E+06    1.7509697714671E+07   -5.7933911571577E+11    4.2972245013525E+07
         56010   -5.7811302352145E+11   -1.0120702303925E+06   -6.8385776431213E+06   -5.7811986209910E+11    4.2879957802927E+07
         56110   -5.7701053285955E+11    1.5425758274765E+06    1.2011202341643E+06   -5.7700933173931E+11    4.2798181984426E+07
         56210   -5.7569195688886E+11    4.2240294551392E+06    2.7288331151188E+07   -5.7566466855771E+11    4.2700310994613E+07
         56310   -5.7510238137950E+11   -1.1440033652420E+06    8.3473649621480E+06   -5.7509403401454E+11    4.2656550811018E+07
         56410   -5.7426722047288E+11   -5.8175332543945E+05   -6.9563102069712E+06   -5.7427417678308E+11    4.2594689180373E+07
         56510   -5.7357149633034E+11   -2.0573615369644E+06    8.7986374691963E+06   -5.7356269769287E+11    4.2543060842939E+07
         56610   -5.7298409278378E+11   -1.2772227109375E+06    6.3181000809516E+06   -5.7297777468370E+11    4.2499511785866E+07
         56710   -5.7188332735945E+11   -2.5068766371918E+05    1.5012157505446E+07   -5.7186831520195E+11    4.2417874248804E+07
         56810   -5.7179450307609E+11    1.7119097304535E+05   -1.9485959748205E+07   -5.7181398903584E+11    4.2411223283394E+07
         56910   -5.7134698555741E+11    2.5263234786072E+06    4.7437255963327E+06   -5.7134224183181E+11    4.2378128558755E+07
         57010   -5.7062564904841E+11    1.9868241302948E+06   -2.6730240783803E+07   -5.7065237928919E+11    4.2324545780127E+07
         57110   -5.6994094110325E+11   -3.8481589785004E+05   -2.4179738364340E+06   -5.6994335907709E+11    4.2273780623454E+07
         57210   -5.6988641306756E+11    6.2957927964783E+05   -1.1951083115192E+07   -5.6989836415068E+11    4.2269707839150E+07
         57310   -5.6895094454280E+11   -8.7065197548676E+05   -4.3748805182606E+05   -5.6895138203085E+11    4.2200474382157E+07
         57410   -5.6799830748606E+11    1.9430326898727E+06   -3.3789515456972E+07   -5.6803209700152E+11    4.2129783281778E+07
         57510   -5.6793944629112E+11   -3.5981148933945E+06    1.9941873872068E+07   -5.6791950441725E+11    4.2125365714106E+07
         57610   -5.6687290269044E+11    9.3296218044281E+05    3.8423048974337E+06   -5.6686906038554E+11    4.2046251864995E+07
         57710   -5.6599693448478E+11    4.8027218979645E+05   -1.7917370618189E+07   -5.6601485185540E+11    4.1981271265723E+07
         57810   -5.6458367337742E+11    5.7902221955872E+05   -1.7594229839853E+07   -5.6460126760726E+11    4.1876420023750E+07
         57910   -5.6445100670911E+11   -2.4772622461395E+06    1.2690468821074E+06   -5.6444973766223E+11    4.1866471340125E+07
         58010   -5.6459738118092E+11    2.0279892788239E+06    3.8933120288478E+06   -5.6459348786889E+11    4.1877386063983E+07
         58110   -5.6480441327809E+11    2.1864039853668E+06    2.8624989990756E+06   -5.6480155077909E+11    4.1892852712814E+07
         58210   -5.6418223463989E+11   -4.8617252906189E+06   -2.4414420893441E+06   -5.6418467608198E+11    4.1846670232674E+07
         58310   -5.6493662511761E+11    7.1937030608368E+05    3.2301953230566E+06   -5.6493339492229E+11    4.1902589329743E+07
         58410   -5.6534150007645E+11    3.5035460359192E+06   -2.1417589038239E+07   -5.6536291766549E+11    4.1932719598859E+07
         58510   -5.6432940548525E+11   -2.1700750717010E+06   -3.3937294550577E+06   -5.6433279921471E+11    4.1857580785860E+07
         58610   -5.6355262074931E+11    3.6407214565277E+05    2.3081417240127E+06   -5.6355031260759E+11    4.1799913388710E+07
         58710   -5.6321871468539E+11    6.1388427246857E+05   -1.4411877722122E+07   -5.6323312656311E+11    4.1775151092781E+07
         58810   -5.6262098860195E+11    2.6513906868134E+06    3.4139765627441E+06   -5.6261757462539E+11    4.1730828471679E+07
         58910   -5.6206713016528E+11   -6.3819732173157E+05    2.4365468218501E+07   -5.6204276469706E+11    4.1689742163621E+07
         59010   -5.6200959351392E+11    6.8262266625977E+05   -8.5008965751984E+06   -5.6201809441050E+11    4.1685437023273E+07
         59110   -5.6161479532294E+11   -1.4180714265442E+06   -1.6327947903255E+07   -5.6163112327084E+11    4.1656271387855E+07
         59210   -5.6108399010716E+11   -2.9426455177612E+06   -9.2026564834820E+06   -5.6109319276364E+11    4.1616764926336E+07
         59310   -5.6076956089733E+11    3.0569125142670E+06   -8.3513819679702E+05   -5.6077039603552E+11    4.1593518594038E+07
         59410   -5.6024701575100E+11    1.6123999906158E+05   -1.0786872288716E+07   -5.6025780262329E+11    4.1554776297092E+07
         59510   -5.6029591164380E+11   -6.8899560405655E+06   -1.3854770236694E+06   -5.6029729712082E+11    4.1558412757621E+07
         59610   -5.6050221087367E+11   -5.1476480995941E+05    1.1290505982881E+06   -5.6050108182307E+11    4.1573647555197E+07
         59710   -5.6082050119816E+11    1.7397687980728E+06   -1.2200965190709E+07   -5.6083270216335E+11    4.1597312346000E+07
         59810   -5.6082217205183E+11    3.4057595180054E+06    1.1631749145353E+07   -5.6081054030268E+11    4.1597407632886E+07
         59910   -5.6102640247661E+11    2.5252445461273E+05    1.2799400795692E+07   -5.6101360307581E+11    4.1612608182239E+07
         60010   -5.6059639997533E+11    2.1127048143768E+05   -3.7766098286558E+05   -5.6059677763631E+11    4.1580711387951E+07
         60110   -5.6063198883986E+11   -3.5946256601562E+06    1.0850136306538E+07   -5.6062113870355E+11    4.1583357509648E+07
         60210   -5.6029283281647E+11    2.0747613623199E+06    1.0160397177636E+07   -5.6028267241929E+11    4.1558187356711E+07
         60310   -5.6085488832744E+11    1.3094215434494E+06   -1.4826168972359E+06   -5.6085637094433E+11    4.1599802649786E+07
         60410   -5.6048002891773E+11   -9.3732872184753E+04   -2.0110772266021E+07   -5.6050013969000E+11    4.1572075519802E+07
         60510   -5.6005451193395E+11    2.2319814243774E+06    4.9827182038551E+06   -5.6004952921575E+11    4.1540561264046E+07
         60610   -5.5939769005211E+11   -1.4680290776062E+05   -5.5289385844125E+06   -5.5940321899069E+11    4.1491789749374E+07
         60710   -5.5783876039962E+11   -1.6352121141815E+05    7.7413628794412E+06   -5.5783101903675E+11    4.1376204142522E+07
         60810   -5.5732280801898E+11    2.8444114461899E+06   -6.5449418943165E+06   -5.5732935296088E+11    4.1337891242397E+07
         60910   -5.5745370131716E+11    1.7626864434738E+06   -1.0154328496319E+07   -5.5746385564565E+11    4.1347659711489E+07
         61010   -5.5712510150944E+11    2.7613953071594E+04    1.3240088873951E+07   -5.5711186142056E+11    4.1323251120204E+07
         61110   -5.5720694314028E+11   -3.5653494271851E+05   -7.4027711509792E+06   -5.5721434591143E+11    4.1329214053607E+07
         61210   -5.5690802755825E+11    3.3668470420227E+06    1.1657258452267E+07   -5.5689637029980E+11    4.1307086816642E+07
         61310   -5.5684710936478E+11   -1.0232477043152E+05   -8.8748035568742E+06   -5.5685598416834E+11    4.1302701669968E+07
         61410   -5.5575741878327E+11   -5.6306869820023E+06   -1.5643001704182E+07   -5.5577306178497E+11    4.1221737600692E+07
         61510   -5.5483931655797E+11   -2.6924343737869E+06    1.0677072478022E+07   -5.5482863948549E+11    4.1153673412458E+07
         61610   -5.5412795101530E+11    5.8891102602234E+06   -2.1191700156101E+07   -5.5414914271545E+11    4.1100958081296E+07
         61710   -5.5362463109575E+11   -4.9137895063019E+05    3.7472376225014E+07   -5.5358715871953E+11    4.1063614040063E+07
         61810   -5.5272958033681E+11   -6.2373253835297E+05    6.2115753245966E+06   -5.5272336876149E+11    4.0997161534981E+07
         61910   -5.5226073414612E+11    4.0814166621170E+06   -4.2430786546823E+07   -5.5230316493267E+11    4.0962329907138E+07
         62010   -5.5219080877708E+11    9.6617998364258E+05    6.5612388271229E+06   -5.5218424753825E+11    4.0957238528082E+07
         62110   -5.5203538199770E+11    1.3607653657684E+06    1.7346075947882E+07   -5.5201803592176E+11    4.0945612566494E+07
         62210   -5.5131961369217E+11    3.6940888017807E+06   -7.5886034182268E+06   -5.5132720229559E+11    4.0892658143785E+07
         62310   -5.5046078132838E+11    3.0715683154678E+06    3.0555383244076E+07   -5.5043022594513E+11    4.0828943570898E+07
         62410   -5.5066840709150E+11   -1.1836998370895E+06   -3.2256200827010E+07   -5.5070066329233E+11    4.0844277747637E+07
         62510   -5.5019906639656E+11    3.1392695797043E+06    1.1329415613908E+07   -5.5018773698095E+11    4.0809590262729E+07
         62610   -5.4958545858809E+11    5.6302608293304E+06    5.3681261959642E+06   -5.4958009046190E+11    4.0764034617985E+07
         62710   -5.4906215566136E+11    2.5194828459015E+06    1.1948937949966E+07   -5.4905020672341E+11    4.0725121531389E+07
         62810   -5.4893893790173E+11    4.3748451210098E+06    2.1177000642850E+07   -5.4891776090109E+11    4.0715963189839E+07
         62910   -5.4868110646330E+11    2.9821449159241E+06    3.4461357229906E+06   -5.4867766032757E+11    4.0696943685924E+07
         63010   -5.4827322214375E+11    2.4335787041626E+06   -9.7266136606158E+06   -5.4828294875741E+11    4.0666655950438E+07
         63110   -5.4905541350827E+11    5.8391274479675E+05   -5.0453626161592E+06   -5.4906045887088E+11    4.0724637634109E+07
         63210   -5.4932990546698E+11   -3.4601042739258E+06   -7.2219916374057E+06   -5.4933712745862E+11    4.0745018385548E+07
         63310   -5.4942963224417E+11    1.1346053307953E+06   -9.7819185212891E+06   -5.4943941416269E+11    4.0752438564268E+07
         63410   -5.4887663993211E+11    1.8773698655701E+05    2.8407701695017E+06   -5.4887379916194E+11    4.0711427087448E+07
         63510   -5.4845155717155E+11    1.1336081781616E+06   -3.9331296795402E+06   -5.4845549030123E+11    4.0679865254145E+07
         63610   -5.4833717183388E+11    2.1138984307098E+06   -1.2182235460300E+07   -5.4834935406934E+11    4.0671399734440E+07
         63710   -5.4765207613627E+11    1.3568841722870E+06   -2.2609240938642E+07   -5.4767468537720E+11    4.0620551978203E+07
         63810   -5.4786028971103E+11    1.2691590962372E+06    1.5779608392060E+07   -5.4784451010264E+11    4.0636120625427E+07
         63910   -5.4849147857692E+11    1.5808418281097E+06   -9.3749058813922E+06   -5.4850085348280E+11    4.0682805998465E+07
         64010   -5.4767942977364E+11   -8.8064818763733E+05    1.0636093474970E+07   -5.4766879368017E+11    4.0622652528383E+07
         64110   -5.4728340671261E+11    1.1864306990509E+06   -2.6885935794086E+07   -5.4731029264840E+11    4.0593111245770E+07
         64210   -5.4775833459555E+11    4.2985401496582E+06   -6.3537781429811E+06   -5.4776468837369E+11    4.0628290373089E+07
         64310   -5.4747281850811E+11   -3.0383631894531E+06   -1.8741044772925E+07   -5.4749155955288E+11    4.0607334333376E+07
         64410   -5.4694635262575E+11    1.0238183393402E+06   -2.6463661826980E+07   -5.4697281628758E+11    4.0568283163292E+07
         64510   -5.4614407904561E+11   -1.1566231029510E+06   -7.2536947103660E+06   -5.4615133274032E+11    4.0508741679653E+07
         64610   -5.4539449062920E+11   -2.9562971580505E+05   -1.8879974808543E+07   -5.4541337060401E+11    4.0453106952360E+07
         64710   -5.4514327133378E+11   -1.6668057382507E+06    1.3765751941614E+06   -5.4514189475859E+11    4.0434549037981E+07
         64810   -5.4516467173939E+11    4.4158305236664E+06    2.1338352256490E+06   -5.4516253790416E+11    4.0436113250303E+07
         64910   -5.4454668811923E+11   -7.9300728959656E+05   -9.1028920259781E+06   -5.4455579101126E+11    4.0390260560881E+07
         65010   -5.4413966920306E+11   -2.2933708961945E+06    2.8343140495834E+06   -5.4413683488901E+11    4.0360057870586E+07
         65110   -5.4413292780977E+11   -2.0639015209656E+06    2.9799923487583E+07   -5.4410312788628E+11    4.0359493352549E+07
         65210   -5.4440438810283E+11    1.5074600821228E+06   -3.0353566097025E+07   -5.4443474166893E+11    4.0379680055716E+07
         65310   -5.4380784323994E+11   -2.1579577279510E+06    1.3187568170626E+07   -5.4379465567177E+11    4.0335436130159E+07
         65410   -5.4356160264583E+11    3.9334095440674E+05    5.5971507137602E+06   -5.4355600549511E+11    4.0317135966024E+07
         65510   -5.4308787247791E+11   -2.0874459384766E+06   -8.7802974357259E+06   -5.4309665277534E+11    4.0282057710812E+07
         65610   -5.4303485603577E+11    8.3304557794189E+05   -1.5309559410952E+07   -5.4305016559518E+11    4.0278129842728E+07
         65710   -5.4261443640209E+11    3.8877315293121E+06    6.4096127702690E+06   -5.4260802678932E+11    4.0246877078228E+07
         65810   -5.4201074566675E+11   -1.6708063583374E+06    1.2358010055483E+07   -5.4199838765669E+11    4.0202158199499E+07
         65910   -5.4264787007359E+11   -1.3989208192139E+06   -1.6286236617220E+06   -5.4264949869726E+11    4.0249334377659E+07
         66010   -5.4384199239350E+11    5.2325561676636E+06    3.0589899144309E+07   -5.4381140249436E+11    4.0338028659235E+07
         66110   -5.4385972521992E+11    5.6896924714661E+05    6.3717020762262E+06   -5.4385335351785E+11    4.0339324886686E+07
         66210   -5.4353200627972E+11    3.4908181277466E+05    1.3731752161824E+07   -5.4351827452756E+11    4.0314987742754E+07
         66310   -5.4368410653191E+11    4.5772995193481E+04   -1.0691360596151E+07   -5.4369479789250E+11    4.0326152543140E+07
         66410   -5.4368989979998E+11   -8.1948228027344E+04    2.7964844288739E+07   -5.4366193495570E+11    4.0326711225431E+07
         66510   -5.4326639976403E+11    6.0123008140564E+05   -1.7831421524849E+07   -5.4328423118556E+11    4.0295324251894E+07
         66610   -5.4314635276861E+11    1.1387522031097E+06    1.2255690148964E+07   -5.4313409707846E+11    4.0286360152914E+07
         66710   -5.4319583431388E+11    3.4719404595337E+06   -6.6441330440937E+06   -5.4320247844692E+11    4.0289974045248E+07
         66810   -5.4362130452964E+11    1.5137040726929E+06    1.2198416910935E+07   -5.4360910611273E+11    4.0321487918234E+07
         66910   -5.4373713100464E+11   -3.8876847465210E+06    8.1944223093022E+05   -5.4373631156241E+11    4.0330210100952E+07
         67010   -5.4447769857658E+11   -1.5525197173920E+06   -8.8053772881723E+06   -5.4448650395387E+11    4.0385087359503E+07
         67110   -5.4296009065234E+11    1.3005970179749E+05   -2.8608813568575E+07   -5.4298869946591E+11    4.0272593807285E+07
         67210   -5.4245757889012E+11   -1.0853631213379E+05   -1.0908407242238E+07   -5.4246848729737E+11    4.0235275778008E+07
         67310   -5.4255598197764E+11    1.1510390067291E+06   -2.6730056395038E+07   -5.4258271203404E+11    4.0242553170643E+07
         67410   -5.4226247725098E+11    2.8035786801758E+06   -1.3216116464289E+07   -5.4227569336745E+11    4.0220860220495E+07
         67510   -5.4291820995566E+11    5.1271621083069E+05    1.6714155719655E+07   -5.4290149579994E+11    4.0269417388195E+07
         67610   -5.4341651176072E+11    4.1202471161346E+06   -9.7758561132977E+06   -5.4342628761683E+11    4.0306410179136E+07
         67710   -5.4391454076272E+11    4.4515815979004E+04    6.4026974411478E+06   -5.4390813806528E+11    4.0343315070122E+07
         67810   -5.4398177254372E+11    2.0531412304840E+06   -1.3259064707696E+07   -5.4399503160843E+11    4.0348349898897E+07
         67910   -5.4345013829603E+11   -1.6190192322083E+06    1.1130580034045E+07   -5.4343900771600E+11    4.0308903120834E+07
         68010   -5.4302292419603E+11   -1.2999442258453E+06   -9.7195296495535E+06   -5.4303264372568E+11    4.0277285741272E+07
         68110   -5.4226500109669E+11    7.0918480433655E+05    1.3276722314559E+06   -5.4226367342446E+11    4.0221005557625E+07
         68210   -5.4231435220047E+11   -2.7793581080627E+05   -6.2748910736633E+06   -5.4232062709154E+11    4.0224657961214E+07
         68310   -5.4245009131128E+11   -2.8857576923676E+06    5.9262428174689E+06   -5.4244416506846E+11    4.0234726405947E+07
         68410   -5.4209995135822E+11    6.4974236647339E+06   -1.0752005689621E+07   -5.4211070336391E+11    4.0208816662962E+07
         68510   -5.4235551918725E+11    2.9793679664612E+05   -4.8718963061035E+06   -5.4236039108356E+11    4.0227744284143E+07
         68610   -5.4176354680653E+11   -1.6882841983032E+06   -2.1570803869634E+07   -5.4178511761040E+11    4.0183900126152E+07
         68710   -5.4168113219134E+11   -1.7548705262756E+06   -6.5212395879940E+04   -5.4168119740374E+11    4.0177677189108E+07
         68810   -5.4073376551153E+11    2.0350862201691E+06   -9.9377174682407E+06   -5.4074370322900E+11    4.0107460342518E+07
         68910   -5.4092756445047E+11    5.4592069444275E+05   -1.7158087593543E+07   -5.4094472253806E+11    4.0121703535742E+07
         69010   -5.4105790740609E+11    1.2306541358948E+05    3.1668837723902E+07   -5.4102623856837E+11    4.0131544283684E+07
         69110   -5.4020940312853E+11    1.4973485931702E+06    1.8524978310787E+07   -5.4019087815022E+11    4.0068435976732E+07
         69210   -5.4023210427503E+11   -2.2075461329346E+06   -2.0963416509058E+07   -5.4025306769154E+11    4.0070225488491E+07
         69310   -5.4044061756369E+11    1.5180726412506E+06   -1.7802509651548E+07   -5.4045842007334E+11    4.0085711192308E+07
         69410   -5.4013954523059E+11   -4.7893864829712E+06   -4.4004014910046E+06   -5.4014394563208E+11    4.0063355903688E+07
         69510   -5.3950983870062E+11    6.6563163841248E+05    1.4050200948412E+07   -5.3949578849968E+11    4.0016708890726E+07
         69610   -5.3876829682456E+11    2.8051284851074E+06   -4.0209231593415E+06   -5.3877231774772E+11    3.9961652212255E+07
         69710   -5.3892033560731E+11    6.0065504036865E+06   -8.6880661242997E+06   -5.3892902367344E+11    3.9972955678604E+07
         69810   -5.3815463662919E+11   -3.1443709545288E+06    7.9005304294563E+06   -5.3814673609876E+11    3.9916173003389E+07
         69910   -5.3789007550141E+11    1.8334602943573E+06    1.8876624907961E+07   -5.3787119887650E+11    3.9896549024931E+07
         70010   -5.3788028152778E+11    5.0343557603912E+06   -1.6928689956042E+06   -5.3788197439678E+11    3.9895741600374E+07
         70110   -5.3797396401431E+11    7.2799869038391E+05   -3.6019763039428E+05   -5.3797432421194E+11    3.9902744649355E+07
         70210   -5.3800488581175E+11   -9.8197039328003E+05    1.7029896787557E+07   -5.3798785591496E+11    3.9905064714594E+07
         70310   -5.3849066448344E+11   -1.6510056934814E+06   -1.9916554381492E+06   -5.3849265613888E+11    3.9940980667120E+07
         70410   -5.3931068965488E+11    1.9851165493927E+06   -1.3578241151105E+07   -5.3932426789603E+11    4.0001892299196E+07
         70510   -5.3949230168697E+11   -7.6007083969116E+04   -2.3811372811211E+07   -5.3951611305978E+11    4.0015321087269E+07
         70610   -5.3943935795894E+11    4.6805999070740E+05   -9.2355710840078E+06   -5.3944859353002E+11    4.0011339252869E+07
         70710   -5.3973245483734E+11    4.3374217729797E+06    2.9300491228374E+06   -5.3972952478822E+11    4.0033160794413E+07
         70810   -5.4012033410128E+11   -3.1710977443390E+06    2.4456855109873E+07   -5.4009587724617E+11    4.0062013997675E+07
         70910   -5.3989664737603E+11    1.8712093537598E+06    2.1472638650718E+07   -5.3987517473738E+11    4.0045289571789E+07
         71010   -5.3950217521212E+11   -3.6987583230591E+05    5.7492722792381E+06   -5.3949642593985E+11    4.0016179698040E+07
         71110   -5.3898234639947E+11    2.6994048227692E+06    2.1793656838086E+06   -5.3898016703378E+11    3.9977579883509E+07
         71210   -5.3927376655784E+11   -3.3262589626465E+06    1.3675536465498E+07   -5.3926009102138E+11    3.9999174287035E+07
         71310   -5.3882336546625E+11   -3.7076466328583E+06    1.6246005016638E+07   -5.3880711946123E+11    3.9965743516052E+07
         71410   -5.3766569389925E+11    1.4067057273712E+06   -1.9011432811270E+07   -5.3768470533206E+11    3.9879905709478E+07
         71510   -5.3722256156259E+11   -3.1032057870941E+06    2.7410070097337E+07   -5.3719515149250E+11    3.9846891264277E+07
         71610   -5.3728879378534E+11   -1.7014786333160E+06    2.9746008448170E+06   -5.3728581918450E+11    3.9851967375004E+07
         71710   -5.3794557594291E+11   -3.8104855446320E+06   -2.9855707977772E+07   -5.3797543165088E+11    3.9900616496517E+07
         71810   -5.3857528855906E+11   -1.8845072232666E+06   -9.3153687857315E+06   -5.3858460392785E+11    3.9947196051176E+07
         71910   -5.3868296377866E+11    1.0053240953522E+06   -5.4484524369404E+06   -5.3868841223109E+11    3.9955325934475E+07
         72010   -5.3882538626612E+11    9.4740853700256E+05    1.1939085899024E+07   -5.3881344718023E+11    3.9965820317120E+07
         72110   -5.3849364409359E+11   -2.0886196762390E+06    1.5844062650138E+07   -5.3847780003094E+11    3.9941254008615E+07
         72210   -5.3850192075659E+11   -1.2469876564484E+06   -5.3344310337689E+06   -5.3850725518763E+11    3.9941801290861E+07
         72310   -5.3917204752478E+11   -8.2665041859436E+05   -1.1921153315205E+07   -5.3918396867810E+11    3.9991580170177E+07
         72410   -5.3862434596966E+11   -1.1026462443542E+06   -1.6746595769596E+07   -5.3864109256543E+11    3.9951000866373E+07
         72510   -5.3741273517659E+11   -3.5561270908051E+06   -2.2532401777448E+07   -5.3743526757837E+11    3.9861182458353E+07
         72610   -5.3638509721388E+11   -9.9755973223877E+05   -1.4628477996740E+07   -5.3639972569187E+11    3.9784912150003E+07
         72710   -5.3594225787016E+11    2.8955404031372E+06    1.4851282479438E+07   -5.3592740658768E+11    3.9752041647821E+07
         72810   -5.3561072066669E+11    9.3379974276733E+05   -4.5967169807005E+06   -5.3561531738367E+11    3.9727361164558E+07
         72910   -5.3502294574519E+11   -5.7145159102936E+06    1.7835714866232E+07   -5.3500511003032E+11    3.9683823190201E+07
         73010   -5.3550450534631E+11   -1.5793007497253E+06    1.1829033123521E+07   -5.3549267631319E+11    3.9719533490637E+07
         73110   -5.3511827981228E+11   -1.8752507785034E+05   -1.0984423181835E+07   -5.3512926423546E+11    3.9690906760859E+07
         73210   -5.3516879731116E+11    4.1782123125458E+06    1.4130035649401E+07   -5.3515466727551E+11    3.9694610840010E+07
         73310   -5.3449994188478E+11   -2.2703991537018E+06    3.5560010475712E+07   -5.3446438187431E+11    3.9645081245262E+07
         73410   -5.3402816934178E+11   -2.3590328347778E+06   -1.0042182768230E+07   -5.3403821152455E+11    3.9610083855223E+07
         73510   -5.3382714908222E+11    1.3328385693054E+06    7.3926140997112E+06   -5.3381975646812E+11    3.9595140892082E+07
         73610   -5.3356694221250E+11    6.5525113592529E+05    5.0974792039960E+05   -5.3356643246458E+11    3.9575793131983E+07
         73710   -5.3412524429675E+11    7.2890369520569E+05    2.3844105700275E+06   -5.3412285988618E+11    3.9617238824261E+07
         73810   -5.3377108339181E+11    1.8424772498474E+06    4.1308662457940E+06   -5.3376695252557E+11    3.9591015516163E+07
         73910   -5.3324073857144E+11   -2.5691848997345E+06   -1.5527775600793E+07   -5.3325626634704E+11    3.9551756278212E+07
         74010   -5.3292237808238E+11    2.5657479466858E+06   -2.4509023320616E+07   -5.3294688710570E+11    3.9528084854527E+07
#    Iteration    Energy numerator  1    Spin^2 numerator  1       EN2 numerator  1   Var+EN2 numerator  1       Normalisation  1
         81740   -1.1769445527787E+12    2.6704477437519E+06    1.2612993295509E+07   -1.1769319397854E+12    8.7296486830886E+07
         81840   -1.1735440210963E+12    1.9696966244570E+06   -5.4248803023997E+06   -1.1735494459766E+12    8.7044319105526E+07
         81940   -1.1713989780109E+12    5.7364628188014E+05    7.9796459219440E+06   -1.1713909983650E+12    8.6885218081431E+07
         82040   -1.1693900535583E+12    2.6828383468509E+05   -1.2541354704433E+07   -1.1694025949130E+12    8.6736121938704E+07
         82140   -1.1669697671137E+12   -2.4508005324860E+06    1.9977656384839E+07   -1.1669497894574E+12    8.6556755419628E+07
         82240   -1.1639049023175E+12    1.0754064775176E+06   -1.0226602148555E+07   -1.1639151289196E+12    8.6329360363556E+07
         82340   -1.1612036047629E+12    3.4759429909754E+06    3.0207236848304E+07   -1.1611733975260E+12    8.6129028380579E+07
         82440   -1.1592451761550E+12    4.9396246483974E+06   -6.8529766640658E+06   -1.1592520291317E+12    8.5983892381163E+07
         82540   -1.1575440335979E+12   -6.6501640890512E+06    3.9436230680437E+07   -1.1575045973672E+12    8.5857456945339E+07
         82640   -1.1566808690226E+12   -6.2137029882097E+06   -2.1157658969895E+07   -1.1567020266816E+12    8.5793495794713E+07
         82740   -1.1560914542082E+12   -4.8886880911207E+06    2.1202773957627E+07   -1.1560702514342E+12    8.5749906699452E+07
         82840   -1.1551459653256E+12    8.4516382249928E+06   -3.3301801903872E+06   -1.1551492955058E+12    8.5679706169530E+07
         82940   -1.1537981391952E+12   -2.5652264873085E+06    2.4878432065612E+07   -1.1537732607631E+12    8.5579620446572E+07
         83040   -1.1524911521494E+12    2.7331964631004E+06   -1.2370319514108E+07   -1.1525035224690E+12    8.5482824430792E+07
         83140   -1.1500401283735E+12   -1.8641447167969E+06   -7.9943681268988E+06   -1.1500481227417E+12    8.5301064250787E+07
         83240   -1.1479130755375E+12   -5.9640682727833E+06   -2.7804902911657E+07   -1.1479408804404E+12    8.5143324491088E+07
         83340   -1.1472075630533E+12    1.1207288152161E+06   -1.8102065335625E+07   -1.1472256651186E+12    8.5090967220802E+07
         83440   -1.1459859382306E+12    5.5602640142822E+05    1.7740539934995E+07   -1.1459681976906E+12    8.5000136020680E+07
         83540   -1.1452499690259E+12   -3.1992181264019E+06   -1.2601266829479E+07   -1.1452625702927E+12    8.4945566554105E+07
         83640   -1.1435226785175E+12    1.1274831819267E+06   -3.1702985773418E+07   -1.1435543815033E+12    8.4817654080710E+07
         83740   -1.1419698354907E+12   -8.2022464358158E+06   -9.7914978948007E+06   -1.1419796269886E+12    8.4702478060959E+07
         83840   -1.1395358296194E+12    1.2196917524471E+06   -1.5255201926210E+07   -1.1395510848213E+12    8.4521962197775E+07
         83940   -1.1366452073971E+12    8.1412830586052E+06    3.0874839944529E+07   -1.1366143325572E+12    8.4307523896374E+07
         84040   -1.1359127116923E+12   -1.1887522343548E+07   -3.0681504556106E+07   -1.1359433931968E+12    8.4253026360737E+07
         84140   -1.1353074795869E+12    3.9278732729549E+06    6.0638604185286E+06   -1.1353014157264E+12    8.4208257528560E+07
         84240   -1.1348848637069E+12   -1.8419897365818E+06   -2.1442658871542E+07   -1.1349063063657E+12    8.4176946938088E+07
         84340   -1.1360980418453E+12   -4.1123102082329E+06    3.7450404703571E+06   -1.1360942968048E+12    8.4266869487158E+07
         84440   -1.1360277984667E+12    6.0338140488815E+05   -1.0162174351373E+07   -1.1360379606410E+12    8.4261691905712E+07
         84540   -1.1347665033271E+12    6.4619210372925E+05    1.0579349440303E+07   -1.1347559239776E+12    8.4168140373727E+07
         84640   -1.1340829819927E+12    2.2492419539795E+06   -1.9395014930047E+07   -1.1341023770076E+12    8.4117285807515E+07
         84740   -1.1343016751194E+12   -1.0128665153240E+07   -7.5125979593924E+06   -1.1343091877173E+12    8.4133688605813E+07
         84840   -1.1320341699611E+12    4.2426043633194E+06   -3.2408642229986E+06   -1.1320374108254E+12    8.3965377806515E+07
         84940   -1.1323098741642E+12   -1.7667798932911E+07   -1.3430281291169E+07   -1.1323233044455E+12    8.3985855048036E+07
         85040   -1.1318981521070E+12    1.0058641279526E+06    1.2671563287707E+06   -1.1318968849506E+12    8.3955365630176E+07
         85140   -1.1299393256566E+12    4.5380185000496E+06    1.0313476883905E+07   -1.1299290121797E+12    8.3809989925260E+07
         85240   -1.1286379427024E+12    1.3378305032730E+06   -5.5913875078634E+07   -1.1286938565775E+12    8.3713693244998E+07
         85340   -1.1271121341779E+12    2.9399159103012E+05   -2.4414658272392E+06   -1.1271145756437E+12    8.3600388762336E+07
         85440   -1.1266622026019E+12   -6.9027791537857E+05   -2.4693016139699E+07   -1.1266868956180E+12    8.3566968065573E+07
         85540   -1.1261273434198E+12   -6.2982111629486E+04   -3.7479137283753E+07   -1.1261648225571E+12    8.3527466125900E+07
         85640   -1.1249152581763E+12   -3.3179845127945E+06    1.6317072637795E+07   -1.1248989411037E+12    8.3437476079323E+07
         85740   -1.1243188030721E+12    6.8464887277718E+06   -6.4049038925755E+06   -1.1243252079760E+12    8.3393179143165E+07
         85840   -1.1226633832088E+12   -9.7290075210571E+04   -4.4576113568901E+06   -1.1226678408201E+12    8.3270544472792E+07
         85940   -1.1215546344844E+12   -2.0387243579102E+06    6.8608114664126E+07   -1.1214860263697E+12    8.3188138407668E+07
         86040   -1.1209306495142E+12    3.0973729592018E+06   -7.6093939250678E+06   -1.1209382589081E+12    8.3141947594543E+07
         86140   -1.1191814911257E+12   -7.8254696273804E+02   -1.3641897811136E+07   -1.1191951330235E+12    8.3012027992960E+07
         86240   -1.1178114926370E+12    3.4804944779892E+06   -5.1756566735461E+06   -1.1178166682936E+12    8.2910680096151E+07
         86340   -1.1156022053445E+12    7.3809590998840E+05   -4.4031000983037E+06   -1.1156066084446E+12    8.2746885164161E+07
         86440   -1.1146546299856E+12   -2.1352513243561E+06   -4.6026784385858E+06   -1.1146592326640E+12    8.2676318075319E+07
         86540   -1.1147374550146E+12    1.8432929050980E+06   -1.8538610631770E+07   -1.1147559936252E+12    8.2682629769835E+07
         86640   -1.1135172145296E+12    6.9365400103416E+06   -4.6176479557267E+07   -1.1135633910091E+12    8.2592014252168E+07
         86740   -1.1118243811329E+12    1.9659164402542E+06   -1.3162210778793E+07   -1.1118375433437E+12    8.2466398913133E+07
         86840   -1.1107569764144E+12   -9.3793868775940E+05   -1.6664183944317E+07   -1.1107736405983E+12    8.2387266899074E+07
         86940   -1.1106996819117E+12    1.5910490961456E+06    2.2740324881344E+07   -1.1106769415868E+12    8.2382866866551E+07
         87040   -1.1110363315007E+12    5.3804164404907E+06   -9.1240760722807E+06   -1.1110454555768E+12    8.2408148903332E+07
         87140   -1.1106625916145E+12    4.2013146147232E+06   -2.9833915784688E+07   -1.1106924255303E+12    8.2380366283394E+07
         87240   -1.1102766818637E+12   -9.5737804542160E+06    2.2844320075294E+06   -1.1102743974317E+12    8.2351510520286E+07
         87340   -1.1103719517302E+12   -1.2731266005096E+06    2.6373679795795E+07   -1.1103455780504E+12    8.2358805543792E+07
         87440   -1.1102845550924E+12    2.7162188036575E+06   -1.5956357419580E+07   -1.1103005114498E+12    8.2352159845869E+07
         87540   -1.1106808916702E+12    3.7975160190201E+06    2.0894006499726E+07   -1.1106599976638E+12    8.2381579860106E+07
         87640   -1.1092786900730E+12    1.4537693650055E+06    1.3049078163041E+06   -1.1092773851651E+12    8.2277607621029E+07
         87740   -1.1094131738173E+12   -2.9818006552734E+06    1.7486091368093E+06   -1.1094114252081E+12    8.2287596354647E+07
         87840   -1.1081787783037E+12   -1.2811708824921E+05    1.9781192076289E+07   -1.1081589971117E+12    8.2196010169110E+07
         87940   -1.1086552003538E+12    5.0936563906860E+05    1.4615530518183E+07   -1.1086405848233E+12    8.2231429050695E+07
         88040   -1.1079534518931E+12   -4.0493578319321E+06    3.4980779462201E+06   -1.1079499538151E+12    8.2179236075432E+07
         88140   -1.1064486358381E+12    6.7829576501617E+06    1.3240291679579E+07   -1.1064353955464E+12    8.2067752751703E+07
         88240   -1.1048029328405E+12    6.1381418167114E+04   -4.3936812984195E+07   -1.1048468696535E+12    8.1945713877814E+07
         88340   -1.1055625585053E+12    2.5051328922501E+06    1.5403227203561E+07   -1.1055471552781E+12    8.2001868011131E+07
         88440   -1.1058524847972E+12   -9.9506245485229E+06   -2.8616349252974E+07   -1.1058811011464E+12    8.2023443285275E+07
         88540   -1.1045654830280E+12   -1.2969258699875E+07   -1.4007847029977E+07   -1.1045794908750E+12    8.1928075138422E+07
         88640   -1.1023157286914E+12   -6.6168078802261E+06    3.4401678843463E+06   -1.1023122885235E+12    8.1761317881901E+07
         88740   -1.1005890997561E+12   -6.1844880264130E+06    4.7103915955649E+07   -1.1005419958401E+12    8.1633228056007E+07
         88840   -1.0982683645523E+12    6.0735558285904E+06   -5.2811977192067E+07   -1.0983211765295E+12    8.1461046312254E+07
         88940   -1.0985032581370E+12   -2.5287212434158E+06    5.3221090903436E+06   -1.0984979360279E+12    8.1478200811560E+07
         89040   -1.0994449126575E+12    1.5338218964157E+06    9.3880482939556E+05   -1.0994439738526E+12    8.1548248295314E+07
         89140   -1.1001073477158E+12   -2.5818976792908E+06   -1.7680225079601E+07   -1.1001250279409E+12    8.1597381640536E+07
         89240   -1.0990573316502E+12   -2.9008404219818E+05   -2.5206803856247E+07   -1.0990825384541E+12    8.1519705261082E+07
         89340   -1.0981675693502E+12    2.4866194863052E+06   -1.6154212663869E+07   -1.0981837235628E+12    8.1453465716828E+07
         89440   -1.0993761237577E+12    4.4238133842468E+05    5.4863354294155E+06   -1.0993706374223E+12    8.1543052109234E+07
         89540   -1.0998159327284E+12   -6.4889317799454E+06   -3.6861568561273E+07   -1.0998527942970E+12    8.1575867397224E+07
         89640   -1.0981429021284E+12   -5.6391306594162E+06    2.7409831822860E+07   -1.0981154922966E+12    8.1451830473499E+07
         89740   -1.0978967522353E+12    3.2247457892456E+06    9.6091571552614E+06   -1.0978871430782E+12    8.1433443114889E+07
         89840   -1.0971009080841E+12    2.9487632790146E+06   -2.2009075770616E+07   -1.0971229171598E+12    8.1374356631719E+07
         89940   -1.0977585669295E+12   -1.5533230480652E+06   -2.4663582905628E+07   -1.0977832305125E+12    8.1423132647406E+07
         90040   -1.0964702008194E+12    4.7757534515991E+06   -2.3335457161998E+07   -1.0964935362766E+12    8.1327669854804E+07
         90140   -1.0954193124505E+12    2.6301279503632E+06   -5.2837726857687E+07   -1.0954721501774E+12    8.1249638193654E+07
         90240   -1.0958132238148E+12    2.6728801261902E+05   -3.8360689756400E+07   -1.0958515845046E+12    8.1278857673557E+07
         90340   -1.0966315240147E+12   -4.1106958601456E+06    1.5275151172253E+07   -1.0966162488635E+12    8.1339745615085E+07
         90440   -1.0956682989442E+12   -8.5969042256317E+06    2.5061210872220E+06   -1.0956657928231E+12    8.1268257683131E+07
         90540   -1.0956954326572E+12   -2.3221628122406E+06   -4.7560450775333E+06   -1.0957001887023E+12    8.1270171204044E+07
         90640   -1.0954972030931E+12    2.2709252899933E+06    1.8775164708250E+07   -1.0954784279284E+12    8.1255488337649E+07
         90740   -1.0938904958793E+12    3.4759370380554E+06    2.4674048353271E+07   -1.0938658218309E+12    8.1136401480839E+07
         90840   -1.0925915166697E+12   -3.8115670816498E+06    8.6152759288952E+07   -1.0925053639104E+12    8.1039833925534E+07
         90940   -1.0924113482795E+12    2.5721339637756E+06    4.0520099335987E+07   -1.0923708281801E+12    8.1026414521295E+07
         91040   -1.0920291699438E+12    9.5410320763397E+05   -2.4994086380162E+06   -1.0920316693524E+12    8.0998200244017E+07
         91140   -1.0924616516946E+12    7.8982054960632E+05   -4.5625689793257E+07   -1.0925072773844E+12    8.1030125740533E+07
         91240   -1.0921306603429E+12   -2.0628642888641E+06   -3.8592867256735E+05   -1.0921310462716E+12    8.1005723487943E+07
         91340   -1.0909223741557E+12    7.5513099820099E+06   -2.2874816273400E+07   -1.0909452489719E+12    8.0916169298685E+07
         91440   -1.0885060396737E+12   -3.2067366902161E+06    1.7942922711180E+07   -1.0884880967510E+12    8.0737135687165E+07
         91540   -1.0865799764313E+12   -4.2315941273804E+06    1.2729187777387E+07   -1.0865672472436E+12    8.0594098784791E+07
         91640   -1.0855138311377E+12    8.8882802047729E+04   -2.2325918397789E+07   -1.0855361570561E+12    8.0514939598749E+07
         91740   -1.0845199514835E+12    8.9923372124252E+06   -1.4392698370327E+07   -1.0845343441819E+12    8.0441245043822E+07
         91840   -1.0829372109575E+12   -4.9959818031006E+06   -1.7859550393592E+07   -1.0829550705079E+12    8.0323881332883E+07
         91940   -1.0827821389545E+12   -2.5894487562561E+06    8.3338084529596E+06   -1.0827738051460E+12    8.0312245241882E+07
         92040   -1.0823967228684E+12   -1.5194340415192E+06   -8.0324047886224E+06   -1.0824047552732E+12    8.0283738337331E+07
         92140   -1.0814613028041E+12    5.1089766955719E+06   -1.6572937032862E+07   -1.0814778757411E+12    8.0214388977045E+07
         92240   -1.0827196391599E+12   -3.9402173090057E+06   -1.2065906282758E+07   -1.0827317050662E+12    8.0307605554562E+07
         92340   -1.0823166156947E+12   -6.1410736119690E+06   -1.7089669799922E+05   -1.0823167865914E+12    8.0277904018730E+07
         92440   -1.0806780382726E+12    6.6778404217682E+06    7.9113329019468E+06   -1.0806701269397E+12    8.0156319987846E+07
         92540   -1.0802983380172E+12   -8.6434030557251E+06   -1.8073524678217E+07   -1.0803164115419E+12    8.0128047328127E+07
         92640   -1.0798002592808E+12   -3.7314268237305E+06   -1.2307927789124E+07   -1.0798125672086E+12    8.0091105599857E+07
         92740   -1.0794326435997E+12   -4.9009088961182E+06   -3.8983420330244E+06   -1.0794365419417E+12    8.0063816062775E+07
         92840   -1.0798035073056E+12   -2.3017021024170E+06    2.7769318992670E+07   -1.0797757379866E+12    8.0091438361937E+07
         92940   -1.0807875519678E+12    5.3427027940369E+06   -1.9115770653498E+07   -1.0808066677385E+12    8.0164300939659E+07
         93040   -1.0816152777551E+12    2.0988243492126E+05   -1.7145879898090E+07   -1.0816324236350E+12    8.0225719889818E+07
         93140   -1.0824100237789E+12    7.5375278502655E+06    2.6838754684297E+06   -1.0824073399035E+12    8.0284845217806E+07
         93240   -1.0826473291753E+12   -4.3197538183136E+06   -9.1427092259896E+06   -1.0826564718845E+12    8.0302345095150E+07
         93340   -1.0825211343904E+12    4.0872340324554E+06   -7.6320376513936E+06   -1.0825287664280E+12    8.0292906619072E+07
         93440   -1.0837027344173E+12   -2.9030717960358E+06   -2.0340785528884E+07   -1.0837230752028E+12    8.0380584732138E+07
         93540   -1.0843565916099E+12    5.1140578831787E+06   -4.4468763662297E+06   -1.0843610384863E+12    8.0429012640413E+07
         93640   -1.0846476055646E+12    2.1063052618561E+06   -1.4331032920201E+07   -1.0846619365975E+12    8.0450773691462E+07
         93740   -1.0844382175750E+12   -4.3762379010162E+06   -4.6955739052571E+07   -1.0844851733141E+12    8.0435062776571E+07
         93840   -1.0840654928256E+12    4.3509609052124E+06    3.3808159146388E+07   -1.0840316846664E+12    8.0407487132816E+07
         93940   -1.0865812362701E+12   -4.7625502105713E+05    1.5700706923623E+06   -1.0865796661994E+12    8.0594058170271E+07
         94040   -1.0860446288324E+12    6.6447931912384E+06   -8.0082222597972E+06   -1.0860526370547E+12    8.0554239694818E+07
         94140   -1.0851471155341E+12    3.9382765893555E+06   -1.1728063975283E+07   -1.0851588435981E+12    8.0487662357752E+07
         94240   -1.0840423488862E+12    6.4216843806458E+06    2.1471512349072E+07   -1.0840208773739E+12    8.0405782649405E+07
         94340   -1.0831265642690E+12   -5.3457861755066E+06   -5.4020939164888E+06   -1.0831319663629E+12    8.0337913765879E+07
         94440   -1.0811155879931E+12    7.2157130187683E+06   -3.5289046795787E+07   -1.0811508770399E+12    8.0188815750891E+07
         94540   -1.0795464683233E+12    1.4453211992493E+06    2.2595132740374E+07   -1.0795238731906E+12    8.0072307239040E+07
         94640   -1.0799111904969E+12    3.0204939604187E+05   -3.4322869898722E+07   -1.0799455133668E+12    8.0099302884968E+07
         94740   -1.0808359234336E+12   -1.1896150455170E+06   -3.2320127211212E+07   -1.0808682435608E+12    8.0167990215136E+07
         94840   -1.0812828914335E+12    2.6133470415192E+06   -2.2399385042217E+06   -1.0812851313720E+12    8.0201059243395E+07
         94940   -1.0822403598705E+12   -2.5430457507019E+06   -4.6117736908280E+06   -1.0822449716442E+12    8.0272161237019E+07
         95040   -1.0820857895478E+12   -3.4499729997101E+06    4.2977868725574E+06   -1.0820814917609E+12    8.0260568841866E+07
         95140   -1.0813683670737E+12   -7.9943128394165E+06   -4.9882963110527E+07   -1.0814182500368E+12    8.0207479596249E+07
         95240   -1.0810619491192E+12    1.8533889160767E+06   -4.3527317680988E+07   -1.0811054764369E+12    8.0184792183899E+07
         95340   -1.0812004204396E+12    2.6514548764191E+06   -9.8847822437791E+06   -1.0812103052218E+12    8.0195131916979E+07
         95440   -1.0806948861256E+12   -3.9285463632812E+06   -7.3938425061981E+06   -1.0807022799681E+12    8.0157540385569E+07
         95540   -1.0807812818520E+12   -2.9919349432831E+06   -4.9851220596638E+06   -1.0807862669741E+12    8.0163880839624E+07
         95640   -1.0801824725912E+12   -4.0810465188446E+06   -1.3744147924099E+07   -1.0801962167392E+12    8.0119528056789E+07
         95740   -1.0812861247011E+12    3.3643357267914E+06   -2.3886522516141E+07   -1.0813100112236E+12    8.0201367168522E+07
         95840   -1.0806983042767E+12    2.3486244764557E+06    2.9304354805900E+06   -1.0806953738412E+12    8.0157741697203E+07
         95940   -1.0822433741678E+12   -2.3308540879974E+06    6.3963280687687E+06   -1.0822369778398E+12    8.0272438259460E+07
         96040   -1.0826718862366E+12    9.5300977102661E+05    1.2756033485481E+07   -1.0826591302031E+12    8.0304143084164E+07
         96140   -1.0816355291501E+12    2.1732695581818E+06    5.7135160618386E+06   -1.0816298156340E+12    8.0227312750071E+07
         96240   -1.0809485991450E+12   -3.5930848162842E+06    2.2665129313262E+07   -1.0809259340157E+12    8.0176244724379E+07
         96340   -1.0802761161388E+12   -2.0568985233612E+06   -3.5952477477312E+07   -1.0803120686162E+12    8.0126528460131E+07
         96440   -1.0805104282538E+12    3.0300847706451E+06   -1.4040387692618E+07   -1.0805244686414E+12    8.0143808479767E+07
         96540   -1.0811577041022E+12    2.7106704866028E+05    1.5306345571212E+07   -1.0811423977567E+12    8.0191819780951E+07
         96640   -1.0812574410023E+12    1.9602227455139E+05    3.6066086246516E+07   -1.0812213749160E+12    8.0199289532619E+07
         96740   -1.0810052290120E+12   -4.6601618504486E+06    1.8369481460469E+07   -1.0809868595306E+12    8.0180529689196E+07
         96840   -1.0809304591766E+12    2.4851162539978E+06    3.0812323766345E+07   -1.0808996468529E+12    8.0174893788219E+07
         96940   -1.0808809439481E+12   -2.1818157504730E+06   -3.1146871304630E+07   -1.0809120908194E+12    8.0171147516455E+07
         97040   -1.0812246886970E+12   -3.8714295251312E+06   -2.2094952581191E+07   -1.0812467836496E+12    8.0196831700935E+07
         97140   -1.0795199041035E+12    2.3865099617310E+06    1.9150746936735E+07   -1.0795007533565E+12    8.0070274648762E+07
         97240   -1.0774391386483E+12    1.1820741577148E+03    1.0730827495440E+07   -1.0774284078208E+12    7.9916067317709E+07
         97340   -1.0760563537849E+12    4.4022260016632E+06    2.2056954425815E+07   -1.0760342968304E+12    7.9813391667690E+07
         97440   -1.0746850811856E+12   -1.0766973127136E+06   -4.3152567499773E+07   -1.0747282337531E+12    7.9711871174217E+07
         97540   -1.0739085348886E+12    3.0413938561554E+06    3.7975414542369E+07   -1.0738705594741E+12    7.9654123669161E+07
         97640   -1.0748345659012E+12    1.8878588706207E+06    4.3684873478209E+06   -1.0748301974139E+12    7.9722801293755E+07
         97740   -1.0740396260810E+12   -2.4906398719025E+06   -9.7751504592049E+06   -1.0740494012315E+12    7.9663970288822E+07
         97840   -1.0734798698910E+12    3.3825262015533E+06   -1.7695547189240E+07   -1.0734975654382E+12    7.9622354094971E+07
         97940   -1.0733759450651E+12    9.1758838613892E+05   -1.3940752960758E+07   -1.0733898858180E+12    7.9614667518738E+07
#    Iteration    Energy numerator  1    Spin^2 numerator  1       EN2 numerator  1   Var+EN2 numerator  1       Normalisation  1
        105350   -2.2838104750635E+12   -7.5233512791481E+06    5.2431828874624E+07   -2.2837580432347E+12    1.6939527848349E+08
        105450   -2.2772394797255E+12   -3.2622047277579E+06   -8.1327213801583E+07   -2.2773208069393E+12    1.6890774962926E+08
        105550   -2.2718321648572E+12   -9.8738913725157E+06    7.1692340867189E+07   -2.2717604725164E+12    1.6850671328640E+08
        105650   -2.2667082830189E+12    2.5696370391417E+05    1.9244744006660E+07   -2.2666890382749E+12    1.6812679006318E+08
        105750   -2.2610105163534E+12    5.8145778254442E+06   -2.1622535612064E+07   -2.2610321388890E+12    1.6770400909424E+08
        105850   -2.2595559782941E+12   -1.3220806687593E+06    2.5993611481192E+07   -2.2595299846826E+12    1.6759589097115E+08
        105950   -2.2568240914221E+12   -2.9547265826654E+06   -5.7375172707224E+06   -2.2568298289394E+12    1.6739359865899E+08
        106050   -2.2525960282168E+12   -9.3445998970604E+05   -4.3288084310682E+07   -2.2526393163011E+12    1.6707993251119E+08
        106150   -2.2502790170363E+12   -3.0013651607933E+06   -5.3823589253356E+07   -2.2503328406255E+12    1.6690817269060E+08
        106250   -2.2465509645881E+12   -4.0721297690525E+06    1.2258727954605E+07   -2.2465387058602E+12    1.6663161684050E+08
        106350   -2.2424117309567E+12    9.0335892857533E+06    2.8991225815852E+07   -2.2423827397309E+12    1.6632456440955E+08
        106450   -2.2416354186265E+12    3.5705638029575E+06   -6.5052885799429E+07   -2.2417004715123E+12    1.6626705097826E+08
        106550   -2.2395563566984E+12   -3.1016638702335E+06    4.8001696439842E+07   -2.2395083550020E+12    1.6611265385081E+08
        106650   -2.2362486974320E+12    1.5310746743309E+07   -3.2668469890679E+07   -2.2362813659019E+12    1.6586762937680E+08
        106750   -2.2337785100451E+12   -3.7807024855995E+06   -5.1753683806963E+07   -2.2338302637290E+12    1.6568435019404E+08
        106850   -2.2311857168720E+12   -5.3487703783798E+05    7.0464757123623E+06   -2.2311786703963E+12    1.6549196781339E+08
        106950   -2.2271475889886E+12   -1.6591349766617E+06   -7.8126742391623E+07   -2.2272257157309E+12    1.6519202481701E+08
        107050   -2.2258387654583E+12   -1.3663439522984E+07    3.5513578536918E+07   -2.2258032518797E+12    1.6509523011529E+08
        107150   -2.2254091126375E+12    1.5774187831429E+07    6.8304619451163E+06   -2.2254022821755E+12    1.6506323724468E+08
        107250   -2.2224165481456E+12    1.2105596747513E+07    3.4056361619809E+07   -2.2223824917840E+12    1.6484153163709E+08
        107350   -2.2190229025964E+12   -3.1556458311768E+06   -3.1037462144741E+07   -2.2190539400585E+12    1.6458983641255E+08
        107450   -2.2170751206285E+12    1.7948409757080E+06    2.8732481192425E+07   -2.2170463881473E+12    1.6444522587020E+08
        107550   -2.2150338306096E+12    1.0476888051262E+06    1.4088728719568E+07   -2.2150197418808E+12    1.6429399236092E+08
        107650   -2.2109654959236E+12   -1.1808507302071E+07    5.0726928526001E+07   -2.2109147689951E+12    1.6399217685098E+08
        107750   -2.2089033243307E+12    1.2249125405518E+07   -1.6544860719030E+07   -2.2089198691915E+12    1.6383916593864E+08
        107850   -2.2059812020965E+12   -6.2505340137482E+04   -1.2189666267034E+07   -2.2059933917628E+12    1.6362238820876E+08
        107950   -2.2045774166619E+12    1.1055542197899E+07    1.7846692092811E+07   -2.2045595699698E+12    1.6351840537780E+08
        108050   -2.2012007034373E+12   -8.7670059342422E+06    5.7663081056522E+07   -2.2011430403563E+12    1.6326796255476E+08
        108150   -2.2002400171971E+12    3.5923919900894E+06   -2.4347283631003E+07   -2.2002643644807E+12    1.6319651824617E+08
        108250   -2.1977623019107E+12   -9.1967898147507E+06    1.5993797998518E+07   -2.1977463081127E+12    1.6301299364339E+08
        108350   -2.1967157104901E+12   -8.7975506203690E+06   -2.0409132602856E+07   -2.1967361196227E+12    1.6293519659221E+08
        108450   -2.1934559416376E+12    1.3259382101440E+06   -4.3846363305203E+07   -2.1934997880009E+12    1.6269332241146E+08
        108550   -2.1918389399797E+12   -4.0776163792038E+06   -3.4515974771407E+07   -2.1918734559545E+12    1.6257355071831E+08
        108650   -2.1896072074015E+12   -4.1323353687286E+06    1.9943291803381E+07   -2.1895872641097E+12    1.6240825223116E+08
        108750   -2.1871163122059E+12    3.4912323774033E+06    3.3335869289344E+07   -2.1870829763366E+12    1.6222340180144E+08
        108850   -2.1824163123468E+12    1.0181512989853E+07    1.6015179737035E+07   -2.1824002971670E+12    1.6187462975219E+08
        108950   -2.1804206291351E+12    6.6232937107697E+06    7.3633666113838E+07   -2.1803469954690E+12    1.6172630049737E+08
        109050   -2.1797190232086E+12    1.3147849652466E+07   -1.2638307066809E+07   -2.1797316615157E+12    1.6167464736108E+08
        109150   -2.1798189989683E+12    1.7705528136826E+06   -3.3827174086022E+07   -2.1798528261424E+12    1.6168181016135E+08
#    Iteration    Energy numerator  1    Spin^2 numerator  1       EN2 numerator  1   Var+EN2 numerator  1       Normalisation  1
        116380   -4.3667921529992E+12    1.2176097280684E+07   -5.6503327214797E+06   -4.3667978033319E+12    3.2389431054510E+08
        116480   -4.3589973500708E+12   -7.8285241229582E+06   -3.7255100394389E+07   -4.3590346051712E+12    3.2331643188898E+08
        116580   -4.3522771951609E+12   -9.4654583717136E+06   -2.8325185491647E+07   -4.3523055203464E+12    3.2281783254139E+08
        116680   -4.3403892674832E+12   -1.7163323162817E+07    8.1994521308367E+06   -4.3403810680311E+12    3.2193628137200E+08
        116780   -4.3294934991555E+12   -7.1214040192871E+06    1.2468716079424E+08   -4.3293688119947E+12    3.2112787564917E+08
        116880   -4.3205473634376E+12   -6.2969722339554E+06    5.5774711991833E+07   -4.3204915887256E+12    3.2046394684979E+08
        116980   -4.3158366995053E+12   -1.6462984287636E+07    3.4833748981651E+07   -4.3158018657564E+12    3.2011496413979E+08
        117080   -4.3099692570518E+12   -4.2468862142220E+06   -4.8201276355605E+07   -4.3100174583282E+12    3.1967964211057E+08
        117180   -4.3028940600413E+12   -1.2127287618092E+07    3.9727954985818E+07   -4.3028543320863E+12    3.1915486062117E+08
        117280   -4.2958529741638E+12   -1.0290878657734E+07    3.5292427215746E+06   -4.2958494449210E+12    3.1863257528550E+08
        117380   -4.2880396987777E+12   -1.6970594337669E+07   -1.2244936817410E+07   -4.2880519437145E+12    3.1805311848743E+08
        117480   -4.2836100195484E+12   -2.6856653112717E+07   -1.0141394562604E+08   -4.2837114334940E+12    3.1772452411959E+08
        117580   -4.2782461638152E+12    2.1461981908112E+06    3.2823744135335E+07   -4.2782133400710E+12    3.1732656230012E+08
        117680   -4.2800104645028E+12   -7.2315485885925E+06   -1.0601318327360E+08   -4.2801164776861E+12    3.1745745445059E+08
        117780   -4.2781812237732E+12    8.9757576066437E+06   -9.0445550140257E+07   -4.2782716693233E+12    3.1732187123420E+08
        117880   -4.2731461361722E+12    7.5447874443436E+06    4.4731523141865E+07   -4.2731014046490E+12    3.1694854314395E+08
        117980   -4.2716388223999E+12   -5.5059571065292E+06   -3.8341124325156E+07   -4.2716771635242E+12    3.1683681982415E+08
        118080   -4.2669383110264E+12    9.7410217974625E+06   -6.8087052417318E+06   -4.2669451197317E+12    3.1648805143818E+08
        118180   -4.2664703770487E+12    1.5811155385429E+07    1.2881220330496E+07   -4.2664574958284E+12    3.1645312144564E+08
        118280   -4.2661565454698E+12    1.0992576558540E+07    1.7807012574614E+07   -4.2661387384572E+12    3.1643016480609E+08
        118380   -4.2650957308979E+12    2.5415577861099E+06   -2.5754249751819E+07   -4.2651214851477E+12    3.1635112029647E+08
        118480   -4.2639139242757E+12    1.1039748368713E+07   -8.1952292008290E+06   -4.2639221195049E+12    3.1626318813290E+08
#    Iteration    Energy numerator  1    Spin^2 numerator  1       EN2 numerator  1   Var+EN2 numerator  1       Normalisation  1
        125670   -8.8300894320114E+12    1.2628863623047E+06   -1.1673898421843E+08   -8.8302061709956E+12    6.5494677187136E+08
        125770   -8.8073505341373E+12    1.6081632711950E+07   -1.3803315148253E+08   -8.8074885672888E+12    6.5325988012817E+08
        125870   -8.7846301655141E+12   -9.6931551496124E+05   -1.6277934045493E+08   -8.7847929448545E+12    6.5157502343492E+08
        125970   -8.7658584328339E+12   -3.2579176569500E+06   -2.8131043466609E+06   -8.7658612459382E+12    6.5018207366101E+08
        126070   -8.7532509737326E+12    4.3699529196281E+06    3.7222353564866E+07   -8.7532137513790E+12    6.4924637581281E+08
#    Iteration    Energy numerator  1    Spin^2 numerator  1       EN2 numerator  1   Var+EN2 numerator  1       Normalisation  1
        133170   -1.7868525869929E+13   -1.6457984737219E+07   -3.1982104302593E+07   -1.7868557852033E+13    1.3253464532969E+09
#    Iteration    Energy numerator  1    Spin^2 numerator  1       EN2 numerator  1   Var+EN2 numerator  1       Normalisation  1
        140300   -3.6822913788126E+13    2.4072299790573E+07    8.2101665172414E+07   -3.6822831686460E+13    2.7312323820630E+09
        140400   -3.6769833650259E+13   -5.4328378777313E+06    3.5395100991879E+07   -3.6769798255158E+13    2.7272973239953E+09
        140500   -3.6711749229946E+13   -5.0588397433716E+07    4.6869788322646E+08   -3.6711280532062E+13    2.7229909436870E+09
        140600   -3.6637865738416E+13    5.7460088324692E+07   -2.3832724324728E+08   -3.6638104065659E+13    2.7175089688161E+09
        140700   -3.6554612439567E+13    4.5743544702835E+07    2.0766934708800E+08   -3.6554404770220E+13    2.7113323125119E+09
#    Iteration    Energy numerator  1    Spin^2 numerator  1       EN2 numerator  1   Var+EN2 numerator  1       Normalisation  1
#    Iteration    Energy numerator  1    Spin^2 numerator  1       EN2 numerator  1   Var+EN2 numerator  1       Normalisation  1
#    Iteration    Energy numerator  1    Spin^2 numerator  1       EN2 numerator  1   Var+EN2 numerator  1       Normalisation  1
