  # Orbital no.         Normalised occupation
              1                  0.0175719610
              2                  0.0175717251
              3                  0.0175128267
              4                  0.0175160287
              5                  0.0175048998
              6                  0.0175012434
              7                  0.0172331427
              8                  0.0172333690
              9                  0.0174691861
             10                  0.0174700672
             11                  0.0178315280
             12                  0.0178325479
             13                  0.0176304543
             14                  0.0176277885
             15                  0.0173267981
             16                  0.0173323925
             17                  0.0177302824
             18                  0.0177291114
             19                  0.0172437065
             20                  0.0172457170
             21                  0.0179415924
             22                  0.0179408990
             23                  0.0172270904
             24                  0.0172285727
             25                  0.0172080645
             26                  0.0172096572
             27                  0.0168697088
             28                  0.0168684453
             29                  0.0184052966
             30                  0.0184050655
             31                  0.0181370495
             32                  0.0181369382
             33                  0.0160711725
             34                  0.0160666143
             35                  0.0155723795
             36                  0.0155674734
             37                  0.0177211590
             38                  0.0177197114
             39                  0.0174854698
             40                  0.0174841444
             41                  0.0182937892
             42                  0.0182938985
             43                  0.0176950665
             44                  0.0176917017
             45                  0.0181944850
             46                  0.0181943899
             47                  0.0158937598
             48                  0.0158940871
             49                  0.0147626734
             50                  0.0147612057
             51                  0.0173478920
             52                  0.0173488937
             53                  0.0178248879
             54                  0.0178280720
             55                  0.0032050694
             56                  0.0032070381
             57                  0.0027926658
             58                  0.0027951639
             59                  0.0039831720
             60                  0.0039810901
             61                  0.0028977747
             62                  0.0028948916
             63                  0.0010616258
             64                  0.0010651615
             65                  0.0008287087
             66                  0.0008261750
             67                  0.0004277854
             68                  0.0004286918
             69                  0.0017551309
             70                  0.0017586708
             71                  0.0014818215
             72                  0.0014839251
             73                  0.0015500756
             74                  0.0015498865
             75                  0.0013614236
             76                  0.0013605047
             77                  0.0013370204
             78                  0.0013364065
             79                  0.0012792412
             80                  0.0012831326
             81                  0.0009867831
             82                  0.0009824097
             83                  0.0008785738
             84                  0.0008798772
             85                  0.0008971339
             86                  0.0008955314
             87                  0.0005796876
             88                  0.0005771868
             89                  0.0008835584
             90                  0.0008839625
             91                  0.0007937924
             92                  0.0007947725
             93                  0.0004148596
             94                  0.0004155714
             95                  0.0005700628
             96                  0.0005686397
             97                  0.0004969274
             98                  0.0004984079
             99                  0.0004829663
            100                  0.0004834473
            101                  0.0003740609
            102                  0.0003743988
            103                  0.0004463786
            104                  0.0004483363
            105                  0.0002764300
            106                  0.0002757162
            107                  0.0002509484
            108                  0.0002512432
