 1. Iter.             2. TotDets.          3. TotWalk. (1)      4. Annihil. (1)      5. Born (1)          6. Died (1)          7. Removed Dets (1)  8. AbortedWalks (1)  9. InitDets (1)      10. NonInitDets (1)  11. InitWalks (1)    12. NonInitWalks (1) 13. TotWalk. (2)     14. Annihil. (2)     15. Born (2)         16. Died (2)         17. Removed Dets (2) 18. AbortedWalks (2) 19. InitDets (2)     20. NonInitDets (2)  21. InitWalks (2)    22. NonInitWalks (2)
          220130        189005547   102372773.428        0.00000000000        0.00000000000        0.00000000000        0.00000000000        0.00000000000                     0                0   0.00000000000        0.00000000000        102400126.449        0.00000000000        0.00000000000        0.00000000000        0.00000000000        0.00000000000                     0                0   0.00000000000        0.00000000000     
          220140        189073252   102374924.717        156837.917606        34545909.4976        358284.584806        58125.5881478        3344206.30120                225696        188780763   1262403.31580        101112323.475        102399303.376        157244.149582        34552980.7849        358562.472536        58398.3859732        3345217.24083                225821        188780638   1262793.35524        101136525.345     
          220150        189070847   102373902.273        156791.528329        34544309.6848        358402.658769        58285.0616860        3343243.04764                225609        188778626   1262140.84884        101111957.006        102397393.314        157108.288562        34549297.3694        358533.654206        58491.4841114        3345382.86790                225734        188778501   1262464.49947        101135197.504     
          220160        189069218   102374472.501        156771.184973        34538233.1132        358474.037015        58001.7604549        3344156.91334                225543        188776895   1261982.96409        101112298.741        102396255.870        156367.686795        34550340.5866        358415.735488        58256.7599980        3346049.10231                225846        188776592   1262788.46447        101133358.124     
          220170        189068781   102373171.177        156944.474809        34539153.7738        358433.517961        58006.8467706        3344080.04266                225591        188776444   1262106.40823        101111101.802        102397037.099        155990.278115        34546756.8055        358195.523748        58498.1700399        3345161.14367                225872        188776163   1262931.24659        101134195.771     
          220180        189070355   102373935.826        156881.272699        34544698.2981        358428.053207        57793.6982954        3345494.89590                225555        188778208   1262011.48800        101111644.478        102398285.102        156789.054225        34551261.8183        358210.923950        58156.6389439        3348232.09931                225876        188777887   1262943.85081        101135283.925     
          220190        189068944   102373785.332        156240.505754        34542934.6567        358342.544339        58184.5972482        3345606.43995                225549        188776619   1262058.39430        101111536.140        102397735.345        156970.912697        34552930.9237        358321.490671        57971.6299309        3346075.23026                225854        188776314   1262906.83209        101134604.120     
          220200        189067428   102373183.463        156911.609813        34543791.8920        358387.355077        58411.8337683        3344992.14528                225593        188774680   1262152.02678        101110968.739        102396736.279        156763.274204        34543375.1947        358358.730106        57934.3937871        3344290.68940                225771        188774502   1262680.91921        101133593.374     
          220210        189067696   102371956.422        156576.103821        34536098.7475        358360.564046        58567.8225958        3342637.15443                225599        188775725   1262143.57748        101110545.433        102397270.671        156556.687131        34550671.0829        358251.869718        58239.2913816        3344674.50949                225610        188775714   1262189.58606        101135247.007     
          220220        189065152   102370407.343        156738.276371        34541376.1849        358277.909873        58320.5196461        3344844.81074                225563        188773048   1262080.45706        101108735.991        102396977.999        156814.214741        34551198.6925        358254.510481        57775.1240301        3344064.74310                225651        188772960   1262261.59180        101134256.537     
          220230        189065141   102370839.345        156716.072592        34545062.8455        358087.865749        57840.9946812        3344951.38859                225518        188773018   1261932.36489        101108690.275        102397217.175        156652.355377        34552809.7730        358206.659761        58408.8788437        3344439.81647                225784        188772752   1262745.53559        101134250.510     
          220240        189065232   102369805.605        156930.754893        34538140.2716        358052.793349        58145.0183464        3344901.99937                225529        188772682   1262032.80400        101107411.780        102397440.008        157053.828153        34552593.1792        358197.008003        58199.1362478        3345166.87617                225817        188772394   1262764.25487        101134583.908     
          220250        189063736   102369135.551        157072.788157        34542060.9284        357966.891051        58403.9321978        3345044.04940                225624        188771816   1262351.74263        101107113.170        102396944.266        156770.358074        34551254.2732        358248.874598        57953.0574226        3344989.07111                225737        188771703   1262512.42997        101134407.001     
          220260        189063575   102368880.938        156462.526940        34542838.8594        357905.767544        58166.4027247        3344549.21488                225680        188770901   1262498.76259        101106042.451        102397025.077        157431.270128        34548258.2321        358271.284393        58425.4033635        3344231.04359                225891        188770690   1263106.31042        101133738.584     
          220270        189062520   102367414.939        157497.219013        34543434.4068        357843.666036        58444.1873724        3343882.74332                225528        188770230   1262061.83319        101105603.387        102397426.660        156208.831758        34549075.7368        358216.951595        57930.8492110        3344980.57674                225949        188769809   1263256.11381        101133577.065     
          220280        189063052   102368453.222        156673.135360        34541444.9350        357791.563135        57706.3695598        3343149.08050                225719        188770954   1262626.18316        101105553.031        102396856.843        156682.663668        34551687.1942        358211.611134        58157.9911642        3346190.50347                225963        188770710   1263112.25711        101133885.003     
          220290        189063193   102367584.606        156931.254355        34547024.1547        357769.451779        58150.3410422        3344976.12772                225739        188770785   1262758.75634        101104788.720        102397208.483        156349.532507        34547510.7876        358260.557298        58189.6584393        3345597.58388                225974        188770550   1263290.19005        101133968.338     
          220300        189062701   102367887.514        156263.035703        34543087.7949        357783.065728        58222.9635152        3346115.43469                225723        188770825   1262784.88856        101105282.336        102396419.850        156706.949717        34549701.0241        358235.397534        58095.8073007        3345234.20011                225851        188770697   1262924.88223        101133682.193     
          220310        189063793   102369211.561        157150.302997        34539568.6823        357753.182265        58118.3629054        3345624.62255                225819        188771832   1263146.31550        101106214.901        102396818.600        156955.287345        34549937.3682        358217.554103        57903.5982947        3347250.90049                225829        188771822   1262862.74193        101133919.371     
          220320        189063745   102368441.651        157372.040862        34536268.4146        357862.157558        58011.9062734        3344598.81355                225740        188771314   1262898.79901        101105084.026        102396461.520        157083.777663        34550553.7553        358208.584885        58276.8571151        3344119.10686                225695        188771359   1262445.38543        101134200.092     
          220330        189064250   102368749.280        157256.040432        34541424.1111        357856.080531        58372.7840224        3343884.85190                225857        188771931   1263212.99186        101105740.835        102395927.865        157283.079166        34551478.2771        358185.173293        58287.1972291        3345447.77670                225741        188772047   1262524.81163        101133687.133     
          220340        189064415   102369788.466        156837.401997        34536519.0961        357837.858646        58232.6445342        3343644.84832                225727        188771654   1262864.18491        101106816.020        102395094.762        156888.555935        34556879.8396        358154.220778        58342.1916610        3346041.71125                225680        188771701   1262241.81937        101132556.889     
          220350        189064088   102370035.288        157298.308385        34544480.3233        357926.891677        58278.2256659        3344045.60227                225790        188772295   1263086.84842        101107358.311        102394833.569        156037.278043        34547612.1614        358057.933353        58145.8380101        3344335.04069                225641        188772444   1262110.30464        101133032.334     
          220360        189064126   102370124.107        156458.128860        34542927.5511        358005.434933        58010.9114914        3344623.36940                225790        188771870   1263040.41382        101106976.045        102395772.393        156398.403798        34548795.8802        358064.036386        57995.8708367        3344262.43959                225681        188771979   1262312.43613        101133481.235     
          220370        189064243   102370546.196        156382.297599        34543183.4562        357998.237819        58522.7215829        3344384.31185                225831        188771872   1263122.00630        101107857.704        102395645.463        156475.351989        34549443.1717        358076.060880        58120.1316744        3346897.33274                225636        188772067   1262255.15733        101133386.796     
          220380        189063506   102370261.822        157017.581749        34543853.8026        358027.171931        58210.5559027        3345309.93235                225845        188770776   1263195.93338        101107140.354        102394673.282        157034.022418        34548201.8561        358134.549515        58594.6468158        3345195.46724                225723        188770898   1262486.75161        101132440.678     
          220390        189065824   102372124.039        156737.187952        34545533.3912        357993.758664        57856.0767469        3343874.10056                225798        188772994   1263060.17530        101108534.647        102396493.516        156693.286329        34553434.8049        358043.114169        58084.4535365        3345076.44324                225668        188773124   1262286.16898        101133698.490     
          220400        189065047   102372229.435        156626.327776        34544300.4143        358067.229008        58524.1964326        3344191.50522                225778        188772734   1262947.53679        101109780.153        102395062.686        157024.386253        34549703.9532        358082.044841        58124.1983468        3344911.23954                225792        188772720   1262640.74374        101132228.765     
          220410        189064610   102372996.513        156409.222823        34547455.6739        358237.692536        58336.0034582        3345099.92402                225767        188772693   1262843.00736        101110623.625        102393814.782        157267.850872        34552927.5209        358090.083052        57826.5142341        3346241.03471                225854        188772606   1262817.48177        101131058.830     
          220420        189065557   102373232.445        156433.844264        34543389.9322        358295.636084        58056.7112824        3345546.39906                225707        188773175   1262661.92895        101110389.808        102394585.064        156629.453509        34550975.7043        357971.001811        58329.9866948        3347622.19638                225724        188773158   1262539.39153        101132044.357     
          220430        189065641   102372887.948        157201.765220        34545335.0073        358302.358473        58045.0947070        3344483.21162                225634        188773774   1262407.12695        101110419.047        102394696.894        157345.047233        34547196.0385        357950.326045        58052.2382110        3344595.48090                225715        188773693   1262402.36692        101132585.049     
          220440        189065374   102372713.068        156752.115552        34546141.2888        358318.023224        58316.4135920        3343909.32646                225613        188773208   1262301.22995        101110589.317        102394011.242        156441.385167        34545588.5576        358001.692502        58118.6751045        3343763.15666                225695        188773126   1262314.02247        101131622.709     
          220450        189064097   102371819.782        156654.086692        34537302.3712        358256.627276        57846.3491009        3343761.64345                225562        188772225   1262117.01452        101109739.477        102393986.668        156787.530551        34544325.9641        357970.725563        57816.3932840        3344706.72724                225694        188772093   1262335.63989        101131431.364     
          220460        189065477   102372086.482        157192.485255        34543318.9742        358215.953887        58291.7535808        3344430.70012                225457        188773284   1261757.66647        101110324.910        102394424.156        156460.111034        34553583.8991        357876.862721        57819.5069303        3344575.83135                225716        188773025   1262414.40361        101131551.427     
          220470        189065423   102371310.327        156847.912207        34537399.7581        358201.402341        58095.4845810        3344525.14730                225495        188773243   1261892.63360        101109389.287        102394349.821        156497.129456        34550087.0982        357915.444610        58200.9376473        3345011.22610                225749        188772989   1262578.18110        101131806.471     
          220480        189064832   102370750.070        156671.048018        34540773.9436        358199.896587        57787.0365661        3345309.87100                225440        188772865   1261748.65230        101108873.303        102394958.464        157402.846062        34546775.0664        357943.697016        58149.1581136        3343086.73020                225747        188772558   1262580.23145        101132051.511     
          220490        189066219   102371446.768        156919.952104        34544911.2751        358092.158465        57837.2302538        3344580.82475                225495        188773970   1261931.88255        101109235.337        102395561.565        157128.797968        34549034.0970        357961.958355        58338.9485173        3345078.13457                225861        188773604   1262916.31710        101132720.863     
          220500        189067223   102372659.955        156081.739886        34541077.0954        358139.012775        58369.1397894        3343928.82418                225619        188775423   1262331.50868        101110583.515        102395908.525        156335.121023        34545865.1431        358070.198534        58162.5293940        3345473.51684                225724        188775318   1262464.55227        101133459.980     
          220510        189065672   102371539.677        157074.198521        34545116.6130        358253.563152        58207.9963187        3346043.21487                225653        188773284   1262405.43961        101109232.065        102395033.725        156806.000177        34548828.7483        358087.124485        58218.0327486        3343956.94596                225735        188773202   1262532.20171        101132490.040     
          220520        189065009   102371426.970        157153.567026        34536716.7185        358211.227311        58339.6229986        3343410.61504                225605        188772440   1262260.51086        101109208.865        102394897.166        156745.876444        34555507.0276        358054.313213        57963.3806932        3347426.82463                225653        188772392   1262337.39259        101132268.789     
          220530        189065237   102371542.487        156822.998036        34549176.0190        358127.032492        58438.7709937        3344114.14020                225550        188773286   1262024.16961        101109871.749        102394902.676        156401.493247        34549467.2629        358006.399091        58119.0882543        3345322.85757                225802        188773034   1262880.10149        101131947.749     
          220540        189065396   102370684.310        156917.079038        34534858.6730        358161.143325        58216.3503137        3344754.58781                225552        188773311   1261992.90715        101108675.501        102395919.019        156329.657667        34548973.9206        358000.501954        58171.4795721        3344164.50207                225885        188772978   1263261.21796        101132749.901     
          220550        189065636   102370663.058        156729.969130        34545650.2746        358109.554983        58317.8427485        3345711.89628                225526        188773321   1262021.72351        101108572.879        102396485.626        156918.512589        34549876.1202        358058.900239        58086.5148878        3346231.26601                225904        188772943   1263312.38190        101133020.067     
          220560        189066019   102371167.351        156616.786041        34541024.5416        358105.786244        58504.8233911        3344621.34578                225645        188773629   1262416.87188        101108853.090        102396463.660        156550.290876        34540995.6500        358134.513174        58229.4741312        3343827.81465                225945        188773329   1263368.99402        101133163.802     
          220570        189065884   102372425.775        156353.840436        34542772.0804        358091.032502        58394.8763791        3343571.93609                225600        188773735   1262170.41733        101110307.520        102394751.159        157036.594613        34547921.9563        358169.737030        58059.2825409        3345393.13585                225874        188773461   1263209.09293        101131590.768     
          220580        189065663   102372939.025        156755.535695        34542356.9016        358189.716713        58268.7498749        3345986.30383                225593        188773245   1262166.53423        101110814.563        102393323.677        156895.180944        34545864.3466        358056.967739        58568.8152236        3344546.83521                225902        188772936   1263374.90848        101130133.967     
          220590        189063881   102371876.225        156729.446880        34541360.5861        358239.313502        58226.5907264        3343259.73556                225553        188771875   1262042.79295        101109970.093        102392934.340        156485.020711        34550067.7185        357956.963911        58508.2591378        3344761.72567                226002        188771426   1263694.08058        101129367.202     
          220600        189064103   102371309.331        156761.880906        34542669.5110        358251.606729        58231.3798212        3344806.36314                225502        188771945   1261959.67475        101109483.163        102393821.538        156528.356687        34548816.6956        357851.276036        58483.4350989        3344335.79243                225951        188771496   1263491.17605        101130434.332     
          220610        189063866   102371327.357        156744.891311        34543170.9421        358150.170750        58455.8999511        3346092.28176                225615        188771338   1262343.77281        101108929.318        102394209.383        156980.039127        34553388.3116        357833.023166        58217.5410176        3345169.09368                226021        188770932   1263767.44338        101130525.495     
          220620        189063940   102370197.500        156929.227311        34544276.0334        358103.867718        58070.8493906        3345260.20373                225600        188771248   1262310.21806        101107563.868        102396179.191        156275.139041        34550012.6459        357942.521972        58302.8747784        3344419.35452                226135        188770713   1264148.79316        101131748.085     
          220630        189062492   102369502.588        156439.391778        34541860.7349        358005.992739        58119.2202774        3345851.55064                225692        188769818   1262701.66226        101106643.838        102395596.418        157108.422358        34546595.1981        358009.527212        58411.9509694        3345536.17819                226310        188769200   1264618.08054        101130999.582     
          220640        189064220   102371136.578        157225.168176        34547632.2561        357935.568332        58315.6854308        3345232.22570                225823        188771728   1263115.85601        101108005.389        102396449.248        156339.389632        34550305.9494        358140.326786        58233.6285729        3346368.25390                226191        188771360   1264219.80470        101132185.861     
          220650        189061773   102369734.760        157517.135109        34543003.7628        358004.914755        58348.0152250        3346549.95168                225991        188769069   1263707.18344        101106231.057        102395495.615        156521.601741        34545006.6998        358131.594507        58434.2422612        3344211.16081                226182        188768878   1264114.01715        101131214.945     
          220660        189062693   102370012.262        156994.869108        34537456.9271        358022.604531        58393.7324879        3342806.68734                225844        188770127   1263234.00532        101106730.668        102396064.846        157037.210032        34551086.8676        358078.261768        58124.5731800        3344689.72120                226157        188769814   1264052.14234        101131852.263     
          220670        189063718   102370708.569        156629.940953        34541071.1442        357992.181514        58279.5235378        3342649.34305                225643        188771548   1262622.47811        101108263.094        102397066.317        156887.945904        34557148.2189        358095.344937        58245.2954775        3347646.88380                226250        188770941   1264357.51752        101132680.622     
          220680        189062344   102369064.470        156263.288537        34541231.4055        358005.786073        58025.6950143        3344939.16396                225625        188770290   1262572.94152        101106255.445        102398131.279        156699.421491        34550902.0246        358194.496454        58087.7409843        3346035.18390                226158        188769757   1264049.24605        101134101.272     
          220690        189062069   102368651.521        156824.364899        34543840.3551        357948.339791        58417.9177756        3344481.71210                225697        188769744   1262838.93820        101106088.140        102397984.392        156826.984309        34547739.3005        358279.359719        58283.3926395        3345388.92295                226068        188769373   1263721.82705        101134261.363     
          220700        189062844   102369935.227        157036.249984        34541933.2840        357837.857598        58452.8834674        3345184.53591                225733        188770420   1262871.32032        101107301.382        102398006.019        156868.055048        34549483.0072        358319.581011        57845.4160157        3346780.40804                226121        188770032   1263937.62482        101133679.091     
          220710        189064056   102368739.348        157077.793596        34543944.3023        357908.603691        58421.9969006        3344329.46372                225669        188771718   1262656.48535        101106312.117        102400002.033        156712.686289        34558077.6638        358267.662445        58721.9108874        3347606.90834                226069        188771318   1263783.30605        101136440.802     
          220720        189064493   102367874.717        156778.480449        34536952.1253        357923.848741        58306.6526607        3343640.81363                225720        188772337   1262873.74767        101105138.267        102401978.665        156955.583894        34554929.1265        358432.944023        58311.8970773        3344339.83358                226137        188771920   1264038.77301        101137815.971     
          220730        189064471   102367871.859        156872.121161        34541109.9471        357818.882274        58384.7965787        3344364.05473                225687        188771635   1262790.18023        101104874.150        102402035.092        156529.851991        34557002.7875        358629.371759        58417.2527450        3345755.74955                226116        188771206   1264026.71960        101137885.021     
          220740        189063430   102367052.853        157125.935132        34540151.3652        357722.631426        58198.8285468        3342974.06913                225692        188771184   1262835.89503        101104210.530        102401379.488        156607.001525        34549884.3885        358753.915945        58434.4649618        3344514.04040                225989        188770887   1263562.67729        101138137.347     
          220750        189063045   102366935.313        156546.735791        34541795.6481        357677.917373        58125.5828654        3343969.13640                225711        188770318   1262850.87890        101104074.715        102400476.249        156826.533413        34553017.9290        358747.891606        58542.5434302        3344719.26337                225954        188770075   1263412.34322        101136975.254     
          220760        189065502   102368419.240        156451.123909        34541611.0916        357713.691178        58366.2446615        3344411.97490                225795        188772656   1263191.22485        101105217.299        102401599.202        156368.960249        34550661.9772        358642.185449        57995.8788075        3346548.81614                226025        188772426   1263569.69276        101137516.349     
          220770        189065051   102368823.862        157006.897906        34539731.1937        357731.084485        58190.7887297        3344270.37557                225795        188772689   1263122.61132        101105677.811        102400877.770        156472.611040        34550850.7118        358630.505781        58051.8993287        3344657.66867                225974        188772510   1263455.57551        101137232.206     
          220780        189064929   102368671.879        156573.376664        34538124.9703        357808.948358        58488.0593654        3343539.58857                225617        188772636   1262590.81122        101106375.524        102400465.593        156805.187129        34557538.1651        358600.683590        58114.3118717        3345374.96436                226018        188772235   1263573.03099        101136746.428     
          220790        189065558   102369728.806        156663.738043        34541904.9761        357884.725315        57897.6719914        3344801.67570                225724        188773307   1262875.39920        101106441.274        102400730.073        156504.870403        34552617.2269        358581.315440        57994.0070764        3343821.08970                226025        188773006   1263690.33484        101136927.300     
          220800        189067663   102370699.606        156943.545036        34543031.1614        357869.398869        58332.5653205        3344401.15982                225843        188775365   1263324.81680        101107279.042        102401068.486        156952.982452        34541590.5888        358627.448341        57969.0077367        3343669.32108                225873        188775335   1263185.22336        101138127.779     
          220810        189065695   102371015.239        156615.788884        34540602.5502        357976.810058        57974.2776856        3345707.88665                225894        188773343   1263475.46897        101107518.197        102398294.746        157218.753010        34552192.4101        358622.962978        58370.1753823        3345722.22033                225932        188773305   1263340.10396        101135168.734     
          220820        189068899   102371141.990        156375.552645        34542346.8028        358055.840455        58266.7097784        3345732.50751                225889        188776387   1263411.63413        101107641.072        102401128.789        156563.220916        34555038.7289        358508.892584        58276.9664830        3345537.02361                225905        188776371   1263262.73240        101138126.032     
          220830        189069559   102372445.869        156906.138435        34542220.9509        358046.989749        58181.7494114        3344305.41369                225837        188776849   1263266.45877        101109166.526        102400568.577        156694.019076        34550438.1847        358531.647845        58360.8793252        3344058.53172                225890        188776796   1263215.00536        101137211.902     
          220840        189069386   102372145.292        156963.041243        34538665.5108        358154.238092        58146.5655044        3343576.54919                225857        188776594   1263309.34754        101108767.349        102400789.843        156869.157627        34549058.8270        358670.417050        58189.8034255        3344599.12860                225790        188776661   1262907.49774        101137387.012     
          220850        189069596   102371768.240        156980.503405        34541762.5391        358223.767765        58626.9391652        3345277.09146                225820        188777154   1263143.46086        101109075.802        102400775.823        156270.833901        34547419.3475        358564.558406        58244.8815039        3346557.76424                225811        188777163   1263053.40901        101137781.840     
          220860        189068604   102371972.056        157482.150417        34548416.4219        358230.004089        57910.0057386        3345845.24191                225796        188775954   1263047.45974        101108636.572        102399694.273        157001.115497        34551828.7584        358620.412227        58205.4531024        3346800.89489                225828        188775922   1263134.57486        101136266.954     
          220870        189067690   102372331.618        156781.356366        34543986.5788        358157.554877        58272.8309586        3344874.07339                225782        188775594   1262943.92269        101109771.425        102398233.692        157554.194985        34548419.2578        358584.329877        57778.4232648        3345812.12100                225766        188775610   1262976.18505        101134781.646     
          220880        189069998   102373543.553        156910.042566        34542934.6365        358223.900066        58339.7943294        3343779.40638                225776        188777302   1262988.70324        101110231.788        102398621.824        156406.857379        34553632.8675        358403.264817        58509.9815631        3344370.70725                225757        188777321   1262899.97270        101136170.645     
          220890        189068644   102373194.765        156831.330584        34544014.8555        358243.604667        58334.0173604        3343682.85778                225800        188776375   1263060.95546        101110104.448        102397976.045        156977.986133        34551322.7123        358404.503825        57995.6728897        3346479.88641                225785        188776390   1262901.57559        101134925.945     
          220900        189069802   102373163.896        156941.920668        34548327.2641        358276.669219        57998.4908881        3343947.67293                225802        188777401   1263037.61214        101110104.813        102398126.944        157175.737331        34549303.4968        358403.625884        58505.6755768        3345149.77564                225773        188777430   1262766.67088        101135684.736     
          220910        189069184   102372994.383        156611.444023        34542854.0661        358275.949003        58272.1662610        3345261.45522                225915        188776940   1263330.48282        101109632.331        102397871.232        156942.258553        34546869.0390        358353.479944        58140.5600546        3345231.85395                225873        188776982   1263063.47568        101134955.645     
          220920        189071774   102374819.562        156375.368219        34547163.4504        358294.805916        58101.7752675        3345404.65094                225925        188779013   1263384.83929        101111211.828        102399015.336        156340.816621        34549438.2366        358378.881650        57801.8507678        3344303.68073                225800        188779138   1262849.32746        101135772.393     
          220930        189071495   102373538.289        157095.218055        34541117.4395        358330.884580        58089.5902814        3345415.62582                225847        188779400   1263198.00199        101110347.602        102399925.948        156446.055528        34551579.6042        358366.084385        58054.6536644        3344843.01872                225835        188779412   1263005.36729        101136985.301     
          220940        189072859   102374932.937        156912.369756        34539165.9599        358393.442549        58127.7728723        3342965.96539                225783        188780478   1262954.77085        101111817.325        102399574.297        157048.292070        34551517.5892        358439.336324        58139.2025858        3344854.24255                225929        188780332   1263299.34856        101136394.449     
          220950        189073022   102374327.427        156821.845733        34538411.3794        358432.606337        58217.4038798        3345453.61633                225628        188780779   1262544.72067        101112160.575        102399939.629        156622.113155        34557021.4537        358533.026518        58358.2367651        3345217.65062                226077        188780330   1263697.43291        101136234.578     
          220960        189071201   102373678.540        157230.117665        34543531.3402        358430.669672        57984.0584225        3345538.17455                225656        188779019   1262565.99324        101111407.075        102398750.269        156630.108626        34552588.3187        358504.206186        58402.3247378        3345978.07275                225916        188778759   1263139.94571        101135527.025     
          220970        189070458   102374090.284        156812.736232        34546823.9203        358405.319737        58186.4486707        3345578.89736                225584        188778375   1262302.10681        101111823.711        102397526.288        156966.076659        34549010.9781        358477.607010        58283.6708244        3344036.79957                225886        188778073   1262995.35708        101134548.257     
          220980        189069592   102373327.884        156783.414473        34540138.1864        358353.308680        58185.1256772        3343927.93785                225602        188777091   1262434.96898        101110723.996        102397516.046        157196.411308        34553335.5209        358323.545914        58380.2310033        3344646.42556                225859        188776834   1262860.65545        101134686.471     
          220990        189068899   102373041.918        156627.105297        34541985.2221        358331.351538        58323.0117888        3345280.49447                225450        188777226   1261929.32967        101111399.844        102396387.802        157094.486330        34548132.3582        358272.325835        58659.6376687        3343685.84309                225892        188776784   1262866.57595        101134120.194     
          221000        189068394   102372993.668        156959.560744        34548509.3444        358332.064096        58450.1533065        3345230.72965                225609        188776467   1262444.65233        101110820.068        102395946.107        157101.014991        34551056.7600        358255.785747        58362.7605006        3346156.17374                226036        188776040   1263281.24448        101132843.942     
          221010        189069535   102373192.867        156721.657471        34545511.3852        358277.601839        58178.4033195        3345693.43832                225644        188777215   1262584.35213        101110427.721        102396917.174        156887.588279        34550758.0974        358166.532814        58322.9841246        3344396.74640                226107        188776752   1263408.78014        101133843.199     
          221020        189068886   102373743.761        157568.880656        34545705.0771        358268.114363        58224.4800657        3346318.44841                225522        188776672   1262295.82001        101111352.081        102396585.993        156918.177065        34547219.0226        358167.651481        57927.8877966        3345037.72000                226071        188776123   1263280.66020        101132907.089     
          221030        189068674   102373887.751        156469.646919        34539564.4035        358336.674349        57944.6791466        3344126.30280                225659        188776895   1262808.07274        101111325.699        102395951.474        157036.885222        34554675.9692        358201.129600        58424.2637062        3345678.41976                226015        188776539   1263054.28007        101133251.516     
          221040        189070139   102374610.655        157477.478829        34548395.4740        358398.190719        58488.5998093        3344614.42284                225579        188777869   1262515.85055        101112357.135        102395754.545        156764.556809        34551066.2269        358156.881058        58465.6197077        3345271.09706                226057        188777391   1263190.55771        101132628.672     
          221050        189068475   102373059.931        156994.404259        34542838.2226        358435.089660        58373.0618684        3345255.99845                225535        188776345   1262366.63907        101110891.996        102395309.848        156763.702976        34550397.0506        358110.579262        58325.7572228        3345860.73167                226119        188775761   1263344.85991        101132166.370     
          221060        189068521   102372802.215        156585.741095        34543589.6134        358332.659345        58447.6019327        3343695.02396                225432        188776230   1261966.81946        101110649.884        102396085.714        156686.008721        34550545.5906        358087.951232        58313.4496554        3345533.60137                226266        188775396   1263872.57017        101132224.172     
          221070        189070590   102373575.219        157643.318441        34542993.2865        358269.556857        57875.7121673        3344348.79083                225289        188778800   1261577.92756        101111660.764        102396858.511        157643.784793        34549518.5338        358089.540937        58379.0048735        3345293.40055                226170        188777919   1263668.19200        101133669.190     
          221080        189071263   102372575.750        156601.541794        34541538.7808        358294.982741        58380.0312617        3345494.19363                225324        188779468   1261716.97304        101111032.890        102398204.679        157204.767569        34556219.0728        358168.495954        58252.1109716        3346498.80197                226124        188778668   1263574.39626        101134833.956     
          221090        189070126   102372505.543        156853.265368        34540912.3017        358308.669592        58383.8520212        3343594.08598                225437        188778314   1262108.08533        101110643.126        102397594.680        157061.454329        34551745.8765        358341.099489        58091.0490120        3346949.56496                226215        188777536   1263816.77502        101133851.664     
          221100        189069410   102371907.027        156391.061073        34550258.7986        358235.628255        58663.1501248        3344355.12031                225512        188777154   1262467.77099        101109952.542        102397475.811        156390.859260        34557041.8082        358349.065677        58270.3399913        3345248.65319                226259        188776407   1263991.96659        101133500.651     
          221110        189068194   102371016.197        157011.250092        34545528.5555        358184.738695        58348.7044784        3345080.12869                225467        188776041   1262381.85323        101108651.467        102397361.076        156914.910417        34550886.1664        358265.842911        58058.0559471        3346208.48393                226247        188775261   1263929.59167        101133310.311     
          221120        189068524   102371780.702        156919.709582        34543190.7283        358117.065423        57909.1802976        3345375.09862                225611        188776015   1262823.97675        101108845.209        102397003.463        157322.463412        34555244.9630        358285.445181        58379.7931540        3345537.89030                226233        188775393   1263939.62890        101132870.467     
          221130        189069506   102373000.074        156709.742287        34542331.3345        358128.665842        57989.0413038        3344843.67832                225720        188776783   1263273.30936        101109429.077        102396248.904        156673.428086        34548834.6890        358229.830917        58450.2079114        3345275.33607                226221        188776282   1263843.31677        101132279.326     
          221140        189070642   102373811.346        157061.025537        34547617.5263        358165.985981        58041.9849768        3345111.24913                225655        188777972   1263150.01884        101110271.789        102396991.140        156558.495189        34549504.8340        358193.425298        58446.6094108        3342682.81292                226263        188777364   1264010.15361        101133086.559     
          221150        189068834   102372508.489        157207.875396        34542811.7846        358279.295393        58392.6015752        3344035.32678                225590        188777113   1262894.47808        101110092.112        102395999.226        156941.028163        34553535.3726        358214.551448        58434.8514653        3345292.39146                226175        188776528   1263663.60520        101132516.819     
          221160        189068725   102372393.135        156997.279436        34539991.6951        358289.777813        57978.0430020        3343333.58225                225630        188776231   1262973.94523        101109219.319        102396442.978        156801.019720        34550805.9988        358203.197044        58028.9595841        3345835.92346                226120        188775741   1263533.00753        101132380.324     
          221170        189069374   102371739.116        156797.542122        34545704.4980        358200.554549        58305.9288789        3343610.82246                225637        188776988   1263008.76685        101108826.970        102397236.545        156907.896869        34547773.6876        358148.779272        58037.5470152        3345714.93533                226156        188776469   1263692.53376        101133482.655     
          221180        189068567   102371262.365        157183.738812        34546398.2294        358182.171965        58239.9624848        3343690.70818                225512        188776619   1262561.08183        101108752.227        102396856.718        156983.712201        34553547.5579        358237.502678        58424.4462697        3346399.60324                226162        188775969   1263731.31788        101133377.248     
          221190        189069253   102370753.836        156649.010911        34541616.8994        358114.353601        58103.6375954        3344386.12035                225552        188777406   1262725.94023        101108126.836        102398331.532        157353.606825        34552198.9872        358273.144083        57924.5183559        3344566.14837                226149        188776809   1263686.54393        101134430.806     
          221200        189069635   102370853.066        157052.156736        34546824.0763        358032.998780        58494.5363213        3345045.54722                225683        188777116   1263217.96572        101107763.518        102398282.595        156020.835626        34550917.4692        358287.843613        58263.9397304        3344079.06668                226069        188776730   1263486.05195        101134611.657     
          221210        189070982   102371950.016        156515.630337        34542202.5019        358048.290086        58251.3997569        3344036.49944                225836        188778492   1263797.76790        101108170.464        102398701.188        156655.133364        34549535.8384        358374.199039        58138.3450781        3344931.72044                225946        188778382   1263048.23247        101135613.944     
          221220        189071203   102370764.519        157162.214600        34536502.8601        358084.870970        58404.7161090        3343159.34904                225808        188779024   1263770.58228        101107148.289        102399487.963        156836.288361        34551266.3593        358427.243998        58454.2044874        3344953.55185                226023        188778809   1263294.98214        101136722.552     
          221230        189070835   102371425.859        156602.202573        34547146.0105        358117.844152        58055.9779275        3344302.88416                225917        188778148   1264109.94507        101107302.464        102398463.303        156991.685957        34550297.7069        358483.317107        58523.0579063        3344855.36877                225973        188778092   1263223.02248        101135164.096     
          221240        189070520   102371868.279        156839.878026        34546667.8916        358117.521715        58179.7232681        3345711.57551                226015        188777407   1264387.20705        101107254.279        102398077.617        156894.791301        34551527.4567        358426.374959        58221.4733678        3345002.26893                226131        188777291   1263757.81204        101134004.117     
          221250        189070608   102373139.790        156818.264780        34549315.8315        358133.039465        57713.1192535        3345997.88278                225964        188777893   1264242.38512        101108288.800        102397424.978        157064.170685        34547509.9072        358367.540146        58091.0630662        3344751.71484                226082        188777775   1263613.43178        101133520.685     
          221260        189069221   102372324.016        157151.380259        34541840.0464        358204.388009        58541.8650799        3343324.71098                225871        188776127   1263905.72264        101108211.358        102396189.969        156224.812203        34550291.7238        358309.972767        58244.2237017        3345821.73733                226142        188775856   1263875.73982        101132069.732     
          221270        189068105   102372137.975        156695.700580        34542952.5732        358244.213163        58244.1477366        3342413.06767                225936        188775750   1264090.96007        101107944.394        102395368.210        157265.444587        34547261.1473        358210.265761        58054.1092815        3344806.69134                226071        188775615   1263594.24925        101131721.202     
          221280        189068379   102372624.428        156607.887476        34545269.1730        358202.903996        58195.6071685        3343643.28006                225911        188775879   1263968.18674        101108552.273        102395351.739        157213.709825        34553711.4393        358092.519546        58244.6632948        3345137.67419                226034        188775756   1263531.15873        101132042.425     
          221290        189068346   102370598.187        156822.071787        34540846.4195        358187.754143        58279.6703846        3346460.77630                225994        188775705   1264146.05386        101106792.348        102396752.407        156722.162155        34549674.0621        358116.847020        58296.4014568        3344959.31118                226036        188775663   1263525.60924        101132956.058     
          221300        189069996   102371542.351        156890.501469        34541060.2246        358146.711010        57925.3463963        3343339.32199                225961        188777026   1264041.26505        101107025.268        102397792.976        157211.143832        34553856.0756        358141.113786        58157.9642702        3345715.68861                226028        188776959   1263534.55469        101134070.252     
          221310        189070149   102371675.842        156596.301089        34544332.8040        358067.381980        58418.1779689        3343633.87955                225814        188778175   1263603.81234        101108159.244        102397688.366        156693.982115        34552339.8118        358261.964306        58288.9522859        3343328.92356                225979        188778010   1263426.74808        101134715.419     
          221320        189071889   102373175.824        156878.494374        34549389.9839        358156.903345        57997.6716873        3345274.56103                225808        188779162   1263638.58276        101109017.652        102398105.923        157537.130533        34546891.5913        358338.857324        58383.7414190        3344239.60299                226149        188778821   1263911.81368        101134455.695     
          221330        189071673   102373274.724        157024.300674        34541942.7581        358176.336851        57797.9019352        3344249.74290                225678        188779332   1263234.05259        101109528.208        102398054.521        156903.086899        34552470.8692        358319.489905        58430.5802705        3345923.31573                226172        188778838   1264021.86154        101134119.153     
          221340        189071535   102373347.653        156881.237263        34542811.1735        358290.065270        57997.6060587        3343638.99287                225650        188779204   1263254.44800        101109918.712        102396814.112        157128.588377        34548565.5967        358364.070825        58876.7249263        3346006.72404                226120        188778734   1263879.55864        101133557.590     
          221350        189071289   102373178.115        156763.125142        34539550.0022        358265.392710        58197.0171867        3343344.94561                225683        188779150   1263285.63151        101110021.362        102397456.379        156811.010211        34553311.5128        358292.143620        58263.7658755        3345328.63576                226077        188778756   1263665.50664        101133715.630     
          221360        189072107   102373153.641        156761.114376        34542547.5793        358294.262949        58126.4055725        3343722.78017                225622        188779250   1263158.04616        101109272.892        102398241.047        156740.643704        34557435.9672        358224.813450        58142.1345334        3347239.72129                226117        188778755   1263768.31287        101134553.996     
          221370        189071438   102373569.678        156656.427132        34541243.0453        358236.630438        58298.3415092        3344491.73265                225659        188778477   1263273.86902        101109915.989        102396645.357        157614.831116        34551441.2979        358310.610094        58284.0075347        3345329.63657                226094        188778042   1263769.36960        101132701.905     
          221380        189070337   102372570.243        156993.237336        34539414.9295        358257.084407        58233.1256028        3342706.51397                225591        188778650   1263114.90367        101109920.420        102396781.197        156843.922928        34548749.0602        358276.212197        58303.6138802        3344970.11350                226010        188778231   1263517.55835        101133600.502     
          221390        189070737   102373135.504        156302.937511        34542898.0523        358278.789178        58151.7607459        3343765.72669                225789        188778286   1263757.27367        101109219.041        102397477.801        156663.446152        34549651.2876        358248.148576        58072.0551495        3344702.03187                226147        188777928   1263945.18706        101133366.964     
          221400        189068400   102371519.999        156758.818954        34542049.6222        358260.476162        58530.1081472        3346736.22824                225727        188775811   1263574.35722        101108036.363        102396032.801        156794.784323        34550651.1159        358267.793460        58044.3201779        3344787.89486                226087        188775451   1263896.11460        101131922.944     
          221410        189068501   102371672.296        156888.642523        34540650.3254        358193.134954        58118.6307185        3344868.57019                225803        188775443   1263838.58396        101107489.625        102395921.409        157056.482405        34549850.8566        358184.463847        58410.2206163        3344654.91373                226120        188775126   1264019.03031        101131819.739     
          221420        189068568   102371392.887        156854.795989        34542725.0520        358130.568518        58123.2957874        3345478.52977                225858        188775844   1263995.82227        101107202.237        102396984.581        156581.547934        34554810.0632        358132.086128        58077.7201420        3345802.34969                226279        188775423   1264532.38799        101132126.285     
          221430        189069646   102370838.739        156733.102913        34543043.5712        358085.930075        58066.5088456        3344726.10127                225789        188777115   1263709.87408        101106991.495        102398046.134        156430.420267        34551921.4442        358162.384233        58369.9447828        3344943.18414                226230        188776674   1264378.09731        101133543.234     
          221440        189070487   102369110.067        157012.539808        34537953.9809        358112.078723        58555.8905935        3342337.43088                225765        188777714   1263620.81599        101105762.186        102400018.457        156821.304518        34550196.2158        358309.659195        58062.3453733        3345527.96738                226292        188777187   1264554.29068        101134947.860     
          221450        189070139   102368951.136        156987.478135        34547092.4759        358002.028029        58158.3709759        3345500.24511                225679        188777901   1263301.29775        101105744.023        102400528.023        156870.808183        34558788.3254        358456.050939        58113.5293451        3346942.40798                226265        188777315   1264458.13793        101135968.205     
          221460        189070069   102369794.451        157138.778596        34542237.8002        357838.401422        58332.5030850        3344188.08480                225661        188777318   1263243.48985        101106331.834        102399799.827        156898.343742        34553300.6144        358539.748802        58180.7045545        3345036.82677                226282        188776697   1264598.90221        101134805.550     
          221470        189069681   102369051.757        156482.234463        34539624.4726        357906.103825        58293.4470533        3343854.20462                225712        188777637   1263383.73999        101106099.051        102399914.537        156644.146383        34553178.2327        358579.257838        58380.3062703        3346181.26819                226149        188777200   1264235.45316        101135808.140     
          221480        189067198   102366931.490        156927.454791        34541549.4655        357938.957484        58657.0238690        3344350.27653                225717        188774937   1263387.25232        101103826.949        102399587.252        156374.413888        34550395.1418        358519.819995        58085.2965617        3346727.13791                226098        188774556   1264096.84056        101135575.245     
          221490        189066730   102367176.788        156485.373291        34540763.2816        357778.103282        58448.2356746        3345714.37348                225793        188774441   1263660.63440        101103761.813        102399590.576        156449.232195        34550435.6588        358529.060661        58036.8864715        3345504.15197                226257        188773977   1264607.66149        101134957.182     
