  # Orbital no.         Normalised occupation
              1                  0.0081713080
              2                  0.0082006817
              3                  0.0085019443
              4                  0.0008215284
              5                  0.0085634661
              6                  0.0085473660
              7                  0.0010043886
              8                  0.0010198370
              9                  0.0082394432
             10                  0.0083040940
             11                  0.0081519907
             12                  0.0010424953
             13                  0.0008857287
             14                  0.0008597510
             15                  0.0084999905
             16                  0.0085153415
             17                  0.0081325986
             18                  0.0009084849
             19                  0.0081605688
             20                  0.0083416964
             21                  0.0082924404
             22                  0.0084696597
             23                  0.0084343535
             24                  0.0084846322
             25                  0.0016522694
             26                  0.0085455348
             27                  0.0015583062
             28                  0.0084885949
             29                  0.0083451549
             30                  0.0008295298
             31                  0.0010170589
             32                  0.0008868086
             33                  0.0081118173
             34                  0.0083947484
             35                  0.0084283612
             36                  0.0085615459
             37                  0.0085631340
             38                  0.0086110092
             39                  0.0083159416
             40                  0.0085133610
             41                  0.0084758417
             42                  0.0085129530
             43                  0.0083398928
             44                  0.0085141705
             45                  0.0082202119
             46                  0.0085060440
             47                  0.0085339875
             48                  0.0085586028
             49                  0.0084747492
             50                  0.0084218086
             51                  0.0083186231
             52                  0.0084035347
             53                  0.0083619587
             54                  0.0008370906
             55                  0.0083468875
             56                  0.0083794945
             57                  0.0083756893
             58                  0.0085139788
             59                  0.0085364257
             60                  0.0085818634
             61                  0.0086305198
             62                  0.0086665831
             63                  0.0086566012
             64                  0.0086551294
             65                  0.0087437621
             66                  0.0087564598
             67                  0.0087602113
             68                  0.0087463819
             69                  0.0087558834
             70                  0.0087674246
             71                  0.0086956930
             72                  0.0086623286
             73                  0.0087195949
             74                  0.0087419142
             75                  0.0087008614
             76                  0.0087012405
             77                  0.0086912174
             78                  0.0087301738
             79                  0.0086748002
             80                  0.0086992273
             81                  0.0086349793
             82                  0.0086619260
             83                  0.0086399300
             84                  0.0086565444
             85                  0.0087675809
             86                  0.0087804970
             87                  0.0087624929
             88                  0.0087793925
             89                  0.0087047554
             90                  0.0087509873
             91                  0.0087216833
             92                  0.0087537828
             93                  0.0086976765
             94                  0.0087327735
             95                  0.0087067274
             96                  0.0087345037
             97                  0.0087282003
             98                  0.0087511627
             99                  0.0087280430
            100                  0.0087204938
            101                  0.0085978064
            102                  0.0086018696
            103                  0.0086749516
            104                  0.0087195430
            105                  0.0086758604
            106                  0.0087244362
            107                  0.0086880403
            108                  0.0087276621
            109                  0.0086239931
            110                  0.0086924869
            111                  0.0006446504
            112                  0.0087189013
            113                  0.0085939133
            114                  0.0087007851
            115                  0.0010173582
            116                  0.0086829102
            117                  0.0086221740
            118                  0.0086732187
            119                  0.0008919918
            120                  0.0086984426
            121                  0.0084999479
            122                  0.0086516558
            123                  0.0007938001
            124                  0.0008357376
            125                  0.0009837147
            126                  0.0011378522
            127                  0.0011094242
            128                  0.0086312613
            129                  0.0085469150
            130                  0.0085810970
            131                  0.0085695759
            132                  0.0085963303
            133                  0.0007347021
            134                  0.0085572467
            135                  0.0007976126
            136                  0.0086693660
            137                  0.0006385893
            138                  0.0006340273
            139                  0.0006682582
            140                  0.0006565822
            141                  0.0006092030
            142                  0.0006697322
            143                  0.0007314713
            144                  0.0006260234
            145                  0.0007351432
            146                  0.0008281923
            147                  0.0007017249
            148                  0.0007900564
            149                  0.0001895953
            150                  0.0001915170
            151                  0.0002495006
            152                  0.0002522342
