#    Iteration    Energy numerator  1    Spin^2 numerator  1       EN2 numerator  1   Var+EN2 numerator  1       Normalisation  1
#    Iteration    Energy numerator  1    Spin^2 numerator  1       EN2 numerator  1   Var+EN2 numerator  1       Normalisation  1
         38939   -3.8561996805299E+11    2.1347195924323E+08    1.7602047808313E+08   -3.8544394757491E+11    2.2003042554999E+07
         38949   -3.8568301363951E+11    1.9302389568618E+08    6.6804772260200E+07   -3.8561620886725E+11    2.2006802022385E+07
         38959   -3.8560746249894E+11    1.6811682236259E+08   -1.0728919851892E+08   -3.8571475169746E+11    2.2003069781982E+07
         38969   -3.8550768673742E+11    1.9279752957972E+08   -7.0617504343922E+06   -3.8551474848786E+11    2.1997253962369E+07
         38979   -3.8541178355514E+11    1.9946838748374E+08   -2.6637385460925E+08   -3.8567815740975E+11    2.1991999812153E+07
         38989   -3.8518785266039E+11    1.9039405482358E+08   -1.0985272028409E+07   -3.8519883793242E+11    2.1978831522783E+07
         38999   -3.8499323093361E+11    1.8827265348436E+08   -1.7655422235166E+08   -3.8516978515596E+11    2.1968156653850E+07
         39009   -3.8480714010663E+11    1.7761333923245E+08   -1.4679361504545E+08   -3.8495393372167E+11    2.1957212225962E+07
         39019   -3.8470980220011E+11    2.0509108812859E+08    2.2136325274293E+07   -3.8468766587483E+11    2.1951678331035E+07
         39029   -3.8474380848676E+11    1.9994055768576E+08    6.3293236352020E+07   -3.8468051525041E+11    2.1953377241586E+07
         39039   -3.8469813554443E+11    2.0010576608279E+08    8.8679804575637E+06   -3.8468926756397E+11    2.1951196147092E+07
         39049   -3.8481723552483E+11    2.0605810269598E+08    4.6706769397514E+07   -3.8477052875544E+11    2.1957293855152E+07
         39059   -3.8470195985034E+11    1.9321328087494E+08    3.7173664537440E+07   -3.8466478618580E+11    2.1951550339266E+07
         39069   -3.8456341994888E+11    2.4245637657930E+08    1.3354617466647E+08   -3.8442987377421E+11    2.1943448556371E+07
         39079   -3.8436333684869E+11    1.9147962350588E+08    1.4802493337488E+08   -3.8421531191532E+11    2.1932214335576E+07
         39089   -3.8422328379048E+11    1.7540197365401E+08   -1.2866771746923E+08   -3.8435195150795E+11    2.1923942756336E+07
         39099   -3.8431525950966E+11    1.9257288298880E+08   -2.1204821088411E+08   -3.8452730772054E+11    2.1928648823476E+07
         39109   -3.8429815503609E+11    2.0796750133577E+08    4.5621467365637E+07   -3.8425253356872E+11    2.1928170388188E+07
         39119   -3.8419165214477E+11    1.9578533112305E+08    4.7738007323987E+07   -3.8414391413744E+11    2.1922081433101E+07
         39129   -3.8414909417788E+11    2.0961292901493E+08   -5.8556575966869E+07   -3.8420765075384E+11    2.1919472513362E+07
         39139   -3.8420206507269E+11    2.1027811171277E+08    1.6043707239183E+07   -3.8418602136545E+11    2.1922697198189E+07
         39149   -3.8419025000573E+11    1.5004055287079E+08    6.4322710008485E+07   -3.8412592729572E+11    2.1922165282867E+07
         39159   -3.8411193963904E+11    1.7104456008630E+08    9.6873133721124E+07   -3.8401506650532E+11    2.1917665973183E+07
         39169   -3.8414570090560E+11    1.9893826847433E+08    2.7963538290831E+07   -3.8411773736731E+11    2.1918853421746E+07
         39179   -3.8436850461699E+11    2.1602072371141E+08    1.8689075699854E+08   -3.8418161385999E+11    2.1931928239337E+07
         39189   -3.8427386531723E+11    1.9605162923336E+08   -4.8181875394521E+07   -3.8432204719262E+11    2.1927238407980E+07
         39199   -3.8416297954538E+11    1.8362905445652E+08    1.4330937729917E+08   -3.8401967016809E+11    2.1920561283002E+07
         39209   -3.8386355494685E+11    1.8844700995532E+08    4.0813834403490E+08   -3.8345541660282E+11    2.1904101771290E+07
         39219   -3.8369892091900E+11    2.0838618382009E+08   -1.3054092190942E+08   -3.8382946184091E+11    2.1893626588543E+07
         39229   -3.8373261758889E+11    1.9557797932757E+08   -7.3260592705393E+07   -3.8380587818160E+11    2.1895931860633E+07
         39239   -3.8358499526950E+11    2.0562606421108E+08    1.4304645214121E+08   -3.8344194881736E+11    2.1887719430346E+07
         39249   -3.8365775006044E+11    1.7798391614049E+08   -5.3641348955688E+07   -3.8371139140939E+11    2.1891229912828E+07
         39259   -3.8377865927915E+11    1.5575265102094E+08    1.0210222560059E+07   -3.8376844905659E+11    2.1898547783962E+07
         39269   -3.8370141206231E+11    1.9777857546345E+08   -6.9184747057422E+07   -3.8377059680937E+11    2.1894110159588E+07
         39279   -3.8368269227909E+11    1.7996060042581E+08   -1.4698447987846E+08   -3.8382967675897E+11    2.1892985403087E+07
         39289   -3.8374504317152E+11    2.0579101710427E+08    8.6752298697836E+06   -3.8373636794165E+11    2.1896188758514E+07
         39299   -3.8373008035245E+11    1.8552056791943E+08   -1.8601275613443E+07   -3.8374868162806E+11    2.1895681166078E+07
         39309   -3.8374498607283E+11    2.1726373020343E+08   -2.2658188830995E+07   -3.8376764426166E+11    2.1896639435772E+07
         39319   -3.8379625235080E+11    1.9117324907029E+08    2.2543123465403E+07   -3.8377370922734E+11    2.1899564953912E+07
         39329   -3.8369201218530E+11    2.0522408499068E+08    1.2725869713013E+08   -3.8356475348817E+11    2.1893765565930E+07
         39339   -3.8349968306482E+11    1.9360280846297E+08   -1.1026746549539E+08   -3.8360995053032E+11    2.1883045920120E+07
         39349   -3.8323611120396E+11    1.7707430766936E+08    6.5440816925590E+07   -3.8317067038704E+11    2.1867733739445E+07
         39359   -3.8322950227991E+11    1.8610273474201E+08   -2.1198760252762E+08   -3.8344148988243E+11    2.1867165999700E+07
         39369   -3.8317881682726E+11    2.0924267573211E+08   -3.8140230922461E+07   -3.8321695705818E+11    2.1864577529740E+07
         39379   -3.8303218102334E+11    1.8819720328791E+08   -2.9835330080867E+07   -3.8306201635342E+11    2.1856056230894E+07
         39389   -3.8301894275072E+11    1.9223111947627E+08   -1.3048094730992E+08   -3.8314942369803E+11    2.1854916402863E+07
         39399   -3.8311774068641E+11    1.8336205393888E+08   -9.9012506809346E+07   -3.8321675319322E+11    2.1860399469953E+07
         39409   -3.8319774061482E+11    1.8401807715013E+08    1.7926618236138E+08   -3.8301847443246E+11    2.1865435577267E+07
         39419   -3.8311066079266E+11    1.9768171075086E+08    1.1529918906202E+08   -3.8299536160359E+11    2.1860541461460E+07
         39429   -3.8309039593990E+11    1.2679019531485E+08    2.6468654989985E+07   -3.8306392728491E+11    2.1859155572037E+07
         39439   -3.8310949004920E+11    2.0681729322405E+08   -8.2830341527807E+07   -3.8319232039073E+11    2.1860032085451E+07
         39449   -3.8328565451069E+11    2.0850826851963E+08   -8.9083439972694E+07   -3.8337473795066E+11    2.1870186325240E+07
         39459   -3.8330158520504E+11    1.8728456675978E+08   -5.8304886386103E+07   -3.8335989009143E+11    2.1871132571205E+07
         39469   -3.8344378884427E+11    1.8082879893859E+08   -1.0703899681203E+08   -3.8355082784109E+11    2.1879235346382E+07
         39479   -3.8358410791405E+11    1.8812766840965E+08    6.0597115938036E+07   -3.8352351079812E+11    2.1886914093444E+07
         39489   -3.8377375504978E+11    1.9633829160436E+08    1.3501198278846E+08   -3.8363874306699E+11    2.1897963235802E+07
         39499   -3.8374135723220E+11    1.8114564995153E+08   -2.5228261540941E+07   -3.8376658549374E+11    2.1896649251299E+07
         39509   -3.8351550903237E+11    1.9450573274011E+08    2.4529543099104E+08   -3.8327021360138E+11    2.1883942912803E+07
         39519   -3.8345522474897E+11    1.9095092724050E+08    3.7354389339361E+07   -3.8341787035963E+11    2.1880067888251E+07
         39529   -3.8340510043273E+11    1.9119308943264E+08    7.2896371969519E+07   -3.8333220406076E+11    2.1877097663703E+07
         39539   -3.8343210769341E+11    1.7966680854429E+08    5.2133729747594E+07   -3.8337997396366E+11    2.1878802677881E+07
         39549   -3.8339229366015E+11    2.0462041608021E+08   -3.5237687598857E+07   -3.8342753134775E+11    2.1876788436099E+07
         39559   -3.8320156610378E+11    1.5195121469324E+08   -2.2564494113640E+08   -3.8342721104491E+11    2.1865726421694E+07
         39569   -3.8310840202308E+11    1.9482350008510E+08   -1.7536943522472E+08   -3.8328377145830E+11    2.1860333579364E+07
         39579   -3.8297459094274E+11    1.5197858886216E+08   -2.0228675726378E+07   -3.8299481961846E+11    2.1853016976575E+07
         39589   -3.8298072637986E+11    2.0423378859078E+08    1.0248117731091E+08   -3.8287824520255E+11    2.1853035746472E+07
         39599   -3.8295936565804E+11    1.8356087112191E+08   -2.0537938834030E+07   -3.8297990359687E+11    2.1851583387652E+07
         39609   -3.8288863120960E+11    1.8966938092117E+08    4.1155773099809E+07   -3.8284747543650E+11    2.1848193379810E+07
         39619   -3.8300381120554E+11    1.8673785234060E+08    2.5902926867975E+07   -3.8297790827867E+11    2.1853394990639E+07
         39629   -3.8318159534241E+11    1.9696942160617E+08    7.9190352325304E+06   -3.8317367630717E+11    2.1864332938726E+07
         39639   -3.8314585805767E+11    1.6438235640308E+08    1.4369486261761E+08   -3.8300216319505E+11    2.1862581176649E+07
         39649   -3.8308885705875E+11    1.9343422407320E+08    8.5094983536621E+07   -3.8300376207521E+11    2.1859526993862E+07
         39659   -3.8299229954088E+11    1.9525958098604E+08    7.2273379353958E+07   -3.8292002616152E+11    2.1853332987965E+07
         39669   -3.8293952367751E+11    1.9504931952275E+08   -1.1324087596115E+08   -3.8305276455347E+11    2.1851137148523E+07
         39679   -3.8289868355127E+11    1.7595387891480E+08   -3.0698824179083E+07   -3.8292938237545E+11    2.1848408300068E+07
         39689   -3.8268884097787E+11    1.9248259016377E+08   -1.7784683791127E+08   -3.8286668781578E+11    2.1836410591027E+07
         39699   -3.8275250691941E+11    2.0402953870094E+08    1.5152937532410E+08   -3.8260097754409E+11    2.1839889028129E+07
         39709   -3.8266499270614E+11    1.8362880377303E+08   -2.9421135564406E+07   -3.8269441384170E+11    2.1834974379281E+07
         39719   -3.8274234866146E+11    2.0252763553360E+08   -9.1000842830660E+07   -3.8283334950429E+11    2.1839572242455E+07
         39729   -3.8274226649957E+11    2.0927981019504E+08    1.1136579355271E+08   -3.8263090070601E+11    2.1839215096325E+07
         39739   -3.8267537984884E+11    1.8740399826994E+08   -1.9599404273486E+08   -3.8287137389158E+11    2.1835891327964E+07
         39749   -3.8264661190723E+11    1.9089772298464E+08    1.3674123438597E+08   -3.8250987067284E+11    2.1833836830677E+07
         39759   -3.8262846546356E+11    1.9265180813066E+08    1.9810208666892E+08   -3.8243036337689E+11    2.1832939178979E+07
         39769   -3.8256437856120E+11    1.7920186406512E+08    6.8402365248582E+07   -3.8249597619595E+11    2.1829230351218E+07
         39779   -3.8239680851477E+11    1.8284207753744E+08    3.1081875994977E+06   -3.8239370032717E+11    2.1820233945917E+07
         39789   -3.8219356394479E+11    1.8954015096715E+08    3.6413986534481E+08   -3.8182942407944E+11    2.1808268336304E+07
         39799   -3.8215363975256E+11    1.8081974262263E+08    5.6122958490133E+07   -3.8209751679407E+11    2.1805530828047E+07
         39809   -3.8215862547420E+11    1.9063520434858E+08   -5.6473423164218E+07   -3.8221509889736E+11    2.1806377466477E+07
         39819   -3.8204245558617E+11    2.1844937549192E+08   -3.3848788535838E+08   -3.8238094347153E+11    2.1799582011589E+07
         39829   -3.8220210093464E+11    1.9192291908806E+08   -1.0299171067146E+08   -3.8230509264532E+11    2.1807703590553E+07
         39839   -3.8242963372300E+11    2.0253232303503E+08    1.5303719390212E+07   -3.8241433000361E+11    2.1821723160851E+07
         39849   -3.8234104666233E+11    1.7881564084660E+08   -9.2715899022340E+07   -3.8243376256135E+11    2.1816541775906E+07
         39859   -3.8241365688622E+11    1.9115149247215E+08    1.2273301550315E+08   -3.8229092387072E+11    2.1820480548075E+07
         39869   -3.8236730277856E+11    2.1117648338168E+08   -1.2797033254059E+08   -3.8249527311110E+11    2.1818119522825E+07
         39879   -3.8228249790195E+11    1.8836388416850E+08    1.9418216879619E+08   -3.8208831573316E+11    2.1813423894103E+07
         39889   -3.8236112841223E+11    2.0318089076905E+08    2.7132488741543E+08   -3.8208980352482E+11    2.1817215473912E+07
         39899   -3.8249616117662E+11    1.9369375420286E+08    1.0386791650024E+07   -3.8248577438497E+11    2.1825181264370E+07
         39909   -3.8244463830796E+11    1.9579178803423E+08   -1.8706585681543E+07   -3.8246334489364E+11    2.1822620303686E+07
         39919   -3.8240202838692E+11    2.5798907041748E+08    3.1007398561157E+07   -3.8237102098836E+11    2.1819798757187E+07
         39929   -3.8248430618324E+11    1.9931125264650E+08    9.9719810910176E+07   -3.8238458637233E+11    2.1824923387149E+07
         39939   -3.8234357442046E+11    2.0519365566806E+08    1.6293367414803E+08   -3.8218064074631E+11    2.1816848807282E+07
         39949   -3.8240322165931E+11    1.9529847199959E+08   -2.0640807381112E+08   -3.8260962973312E+11    2.1820014090102E+07
         39959   -3.8235338256805E+11    2.0181430040723E+08   -3.0443152204496E+07   -3.8238382572026E+11    2.1817316416156E+07
         39969   -3.8231030131195E+11    1.8999804246622E+08    1.3085176251736E+08   -3.8217944954943E+11    2.1815197983221E+07
         39979   -3.8201736846270E+11    1.7849357445383E+08   -1.1939186060252E+08   -3.8213676032331E+11    2.1798418124533E+07
         39989   -3.8204269129717E+11    1.9163692103347E+08    1.6958243566344E+07   -3.8202573305361E+11    2.1799486732563E+07
         39999   -3.8204467579658E+11    1.9815835466335E+08    1.5355946703876E+08   -3.8189111632954E+11    2.1799358951934E+07
         40009   -3.8214482933423E+11    1.8730255070532E+08   -2.9660675867711E+08   -3.8244143609290E+11    2.1805118885039E+07
         40019   -3.8217806527828E+11    1.4809473060237E+08   -1.9273725767765E+08   -3.8237080253596E+11    2.1807232366009E+07
         40029   -3.8218062487278E+11    1.8351488276322E+08   -2.0044984154041E+07   -3.8220066985694E+11    2.1807064888584E+07
         40039   -3.8212299228249E+11    1.9533199083711E+08    1.0895942212078E+08   -3.8201403286037E+11    2.1804669817088E+07
         40049   -3.8180638439363E+11    1.9088529453008E+08    9.7365318227437E+07   -3.8170901907541E+11    2.1786613596567E+07
         40059   -3.8169709997854E+11    1.6520513276094E+08    1.2441722935988E+08   -3.8157268274918E+11    2.1779525377281E+07
         40069   -3.8180088776970E+11    1.6765623709109E+08    2.0903503233512E+08   -3.8159185273736E+11    2.1785475854576E+07
         40079   -3.8181393591309E+11    1.7073029487665E+08   -1.4830162082464E+06   -3.8181541892930E+11    2.1786236080883E+07
         40089   -3.8201295260508E+11    2.0912808650263E+08   -3.9494988164494E+07   -3.8205244759324E+11    2.1797185111053E+07
         40099   -3.8233423421578E+11    2.0058813388403E+08    6.9414762670909E+07   -3.8226481945311E+11    2.1815777532115E+07
         40109   -3.8243078330138E+11    1.9969795531857E+08   -4.0191785473032E+07   -3.8247097508686E+11    2.1821583324204E+07
         40119   -3.8241663338931E+11    1.7989926353977E+08   -9.8710122452775E+07   -3.8251534351177E+11    2.1821018562190E+07
         40129   -3.8240364246832E+11    1.9478295747029E+08   -1.5097500119166E+08   -3.8255461746951E+11    2.1820262574194E+07
         40139   -3.8218883222405E+11    1.7944720603210E+08   -1.9930747153803E+07   -3.8220876297121E+11    2.1808123136776E+07
         40149   -3.8202422943825E+11    1.9916100683273E+08    1.9638567565457E+08   -3.8182784376260E+11    2.1798602900882E+07
         40159   -3.8202630165487E+11    1.7813958690736E+08   -1.1978942020695E+08   -3.8214609107507E+11    2.1798343943945E+07
         40169   -3.8221671568812E+11    2.1003781869622E+08   -6.2425020152122E+07   -3.8227914070828E+11    2.1809188953075E+07
         40179   -3.8226662508305E+11    1.9867575336670E+08   -1.6429996976134E+08   -3.8243092505282E+11    2.1811840129780E+07
         40189   -3.8242891252073E+11    1.5044999505027E+08    8.5912864152092E+07   -3.8234299965658E+11    2.1821541009112E+07
         40199   -3.8232831152807E+11    1.9505404910113E+08   -1.9767946824853E+08   -3.8252599099632E+11    2.1816010334928E+07
         40209   -3.8228744311639E+11    1.6999319781707E+08    8.0041388401778E+07   -3.8220740172799E+11    2.1813584820740E+07
         40219   -3.8221497205914E+11    2.0053204017919E+08   -2.2986331055699E+08   -3.8244483536970E+11    2.1809347224676E+07
         40229   -3.8230587650833E+11    1.8899051982577E+08    5.4196125129605E+07   -3.8225168038320E+11    2.1813883159771E+07
         40239   -3.8245192460191E+11    1.8364681158210E+08    1.1594858249929E+08   -3.8233597601941E+11    2.1822832152963E+07
         40249   -3.8243434382062E+11    2.0327074171341E+08    2.1947600095023E+08   -3.8221486781967E+11    2.1822194170251E+07
         40259   -3.8230410843800E+11    1.9560233219062E+08   -1.8682245995611E+08   -3.8249093089796E+11    2.1814355340062E+07
         40269   -3.8213146063608E+11    1.7555438571096E+08    1.3212827020475E+08   -3.8199933236587E+11    2.1805207150140E+07
         40279   -3.8176273329419E+11    1.9330274586810E+08   -7.8371744530034E+07   -3.8184110503872E+11    2.1784245592409E+07
         40289   -3.8146862593918E+11    1.8342998273183E+08   -2.5145790754858E+07   -3.8149377172993E+11    2.1767160925955E+07
         40299   -3.8127368524524E+11    1.8697790982729E+08    6.8493404015752E+07   -3.8120519184123E+11    2.1755465999836E+07
         40309   -3.8127716039838E+11    1.8309855717331E+08    1.9942047990275E+08   -3.8107773991847E+11    2.1755808008060E+07
         40319   -3.8129077538571E+11    1.9249530179676E+08   -1.1170765526855E+08   -3.8140248304098E+11    2.1756859335692E+07
         40329   -3.8112069866929E+11    1.9016941364648E+08   -1.5401494317683E+08   -3.8127471361247E+11    2.1747144136471E+07
         40339   -3.8087366299320E+11    1.9413100200108E+08    1.8752987062451E+08   -3.8068613312258E+11    2.1733524786745E+07
         40349   -3.8085477932354E+11    2.0319025817830E+08    1.3265755778026E+08   -3.8072212176576E+11    2.1731131889493E+07
         40359   -3.8109872359880E+11    1.9796505143585E+08   -3.4194953896825E+07   -3.8113291855269E+11    2.1745471753332E+07
         40369   -3.8112248965741E+11    1.8034690980059E+08   -8.8951910364719E+07   -3.8121144156778E+11    2.1746809575861E+07
         40379   -3.8116087489780E+11    1.9427534626710E+08   -1.0306963316324E+07   -3.8117118186111E+11    2.1748929852087E+07
         40389   -3.8131836093823E+11    1.8598905224326E+08   -2.7800242396946E+07   -3.8134616118063E+11    2.1757768513292E+07
         40399   -3.8131385531037E+11    2.0023572884634E+08    6.6651606781552E+07   -3.8124720370359E+11    2.1758020269993E+07
         40409   -3.8120329973407E+11    1.9305607898753E+08    2.0327708489851E+07   -3.8118297202558E+11    2.1751830803061E+07
         40419   -3.8115991415595E+11    2.0125073848755E+08    5.3348941298834E+07   -3.8110656521465E+11    2.1749041861922E+07
         40429   -3.8114369074702E+11    2.0321289870480E+08    7.8948077222679E+07   -3.8106474266980E+11    2.1748546456083E+07
         40439   -3.8090974952115E+11    1.8802225569127E+08   -3.5683350780908E+07   -3.8094543287193E+11    2.1734918466453E+07
         40449   -3.8087268738112E+11    1.8840684460666E+08   -4.5295790918947E+07   -3.8091798317204E+11    2.1732600179970E+07
         40459   -3.8096871460185E+11    1.9371916649104E+08   -7.5461028237173E+07   -3.8104417563009E+11    2.1738242658096E+07
         40469   -3.8104732630364E+11    2.0891500956623E+08    1.0009844562468E+08   -3.8094722785802E+11    2.1742390049885E+07
         40479   -3.8091534145730E+11    1.8633283294014E+08   -1.6550021081965E+08   -3.8108084166812E+11    2.1735546914664E+07
         40489   -3.8089172659874E+11    1.9235915490705E+08    1.2302045677095E+08   -3.8076870614197E+11    2.1733359669444E+07
         40499   -3.8096683845155E+11    1.7402051998823E+08   -2.3666724358691E+08   -3.8120350569514E+11    2.1738420410032E+07
         40509   -3.8083258468999E+11    2.0673083127935E+08    2.7264986860297E+07   -3.8080531970313E+11    2.1730392097168E+07
         40519   -3.8084631861926E+11    1.8313825286864E+08    8.7745137014243E+07   -3.8075857348224E+11    2.1730901999478E+07
         40529   -3.8098650978597E+11    1.8625669032566E+08   -1.9426034518707E+08   -3.8118077013116E+11    2.1739181738564E+07
         40539   -3.8097903551078E+11    1.8927638164374E+08   -2.2376736482980E+08   -3.8120280287561E+11    2.1738463214847E+07
         40549   -3.8098584628870E+11    1.9078327328175E+08    7.5753995231430E+07   -3.8091009229346E+11    2.1739348689237E+07
         40559   -3.8089993771144E+11    2.0211078378541E+08    1.6661843453811E+08   -3.8073331927690E+11    2.1734332118421E+07
         40569   -3.8087027274716E+11    1.8458390290925E+08   -4.8512019847206E+07   -3.8091878476701E+11    2.1732612454675E+07
         40579   -3.8099125623542E+11    1.8176668384450E+08   -8.9097422672906E+07   -3.8108035365809E+11    2.1738906942041E+07
         40589   -3.8113494947666E+11    1.9965923269787E+08    3.1223459985549E+07   -3.8110372601667E+11    2.1747871449184E+07
         40599   -3.8106563849227E+11    1.8000505759967E+08    3.7215039395144E+07   -3.8102842345288E+11    2.1743458930757E+07
         40609   -3.8113304132889E+11    1.8397982291564E+08    2.0767764522021E+08   -3.8092536368367E+11    2.1747693630274E+07
         40619   -3.8117155672148E+11    1.8218927564280E+08    2.4217248447122E+07   -3.8114733947304E+11    2.1749439662870E+07
         40629   -3.8129046538511E+11    1.8198135749427E+08   -3.0184901330390E+07   -3.8132065028644E+11    2.1756022289776E+07
         40639   -3.8144579339162E+11    1.9290604707654E+08   -7.6723423071853E+07   -3.8152251681469E+11    2.1765491245889E+07
         40649   -3.8146524595040E+11    1.9781151509845E+08    9.2135685251674E+07   -3.8137311026515E+11    2.1766375739768E+07
         40659   -3.8158897325780E+11    1.8759139439188E+08    6.2897564925012E+07   -3.8152607569287E+11    2.1773276455918E+07
         40669   -3.8168867439532E+11    1.8036388609347E+08    1.3861258224214E+08   -3.8155006181308E+11    2.1779254957446E+07
         40679   -3.8167198945413E+11    1.8287283229232E+08   -1.1744290024159E+08   -3.8178943235437E+11    2.1778254110493E+07
         40689   -3.8180596973191E+11    1.8091957029895E+08    1.0247420096870E+08   -3.8170349553094E+11    2.1785654557289E+07
         40699   -3.8197280557838E+11    1.7304110510807E+08   -6.9090772692485E+07   -3.8204189635108E+11    2.1795539112759E+07
         40709   -3.8186565153958E+11    2.0188630179582E+08    5.6307412545244E+07   -3.8180934412703E+11    2.1789076839994E+07
         40719   -3.8211403017822E+11    1.8087231885674E+08   -8.1139510023457E+07   -3.8219516968824E+11    2.1803409872626E+07
         40729   -3.8207925990607E+11    1.8841222930468E+08    7.1270705944582E+07   -3.8200798920013E+11    2.1801400223772E+07
         40739   -3.8216293193507E+11    1.8968428594837E+08    9.7398461949164E+07   -3.8206553347312E+11    2.1806197721766E+07
         40749   -3.8215875787075E+11    1.7266081079854E+08    2.0431248274668E+07   -3.8213832662248E+11    2.1806209340445E+07
         40759   -3.8210323785755E+11    1.9305940954633E+08   -1.3276170004849E+08   -3.8223599955760E+11    2.1803081077122E+07
         40769   -3.8196966807457E+11    2.0174805447845E+08    1.9462940654352E+08   -3.8177503866803E+11    2.1795713640621E+07
         40779   -3.8190275428792E+11    1.0569878655261E+08    1.5462388481172E+08   -3.8174813040311E+11    2.1791654196399E+07
         40789   -3.8183970456923E+11    1.9478385281686E+08   -4.5332032084084E+07   -3.8188503660132E+11    2.1788032326176E+07
         40799   -3.8177704079259E+11    1.8367662426881E+08    1.2935070539524E+08   -3.8164769008720E+11    2.1784077646626E+07
         40809   -3.8173895352898E+11    2.1414651048011E+08    2.8000154472635E+07   -3.8171095337451E+11    2.1782659108296E+07
         40819   -3.8156980611305E+11    1.6207550875726E+08   -1.7211420349109E+08   -3.8174192031654E+11    2.1772547927410E+07
         40829   -3.8145590483884E+11    1.8800288944666E+08    4.9960122407338E+07   -3.8140594471644E+11    2.1766144358961E+07
         40839   -3.8128077722084E+11    1.9699310228780E+08   -1.8997214236654E+07   -3.8129977443508E+11    2.1756220853395E+07
         40849   -3.8126009068692E+11    1.8991956877253E+08    2.5247762818925E+07   -3.8123484292410E+11    2.1754945403536E+07
         40859   -3.8109012870072E+11    1.9134111003753E+08    1.5109138540624E+08   -3.8093903731531E+11    2.1745200520975E+07
         40869   -3.8108277519241E+11    1.8885189108780E+08    9.6027595885304E+07   -3.8098674759652E+11    2.1744910001910E+07
         40879   -3.8117915300175E+11    1.9218839971484E+08   -2.7688136162040E+07   -3.8120684113791E+11    2.1749835559391E+07
         40889   -3.8116230345662E+11    2.0300042664823E+08   -5.8378671603062E+07   -3.8122068212823E+11    2.1749652504275E+07
         40899   -3.8107590136441E+11    1.9450197477708E+08    3.2590131196166E+08   -3.8075000005244E+11    2.1744115723062E+07
         40909   -3.8107150497155E+11    1.9043938498268E+08    1.5282458401919E+08   -3.8091868038753E+11    2.1744167545117E+07
         40919   -3.8100987706406E+11    2.0465182376511E+08    5.0684874799790E+07   -3.8095919218926E+11    2.1740864252430E+07
         40929   -3.8094616840688E+11    1.5245830158434E+08   -1.4258051885479E+08   -3.8108874892573E+11    2.1736843787910E+07
         40939   -3.8086519364444E+11    1.7787576541549E+08   -2.2870769912550E+08   -3.8109390134356E+11    2.1732943719057E+07
         40949   -3.8052074691706E+11    1.8766110557137E+08   -6.4776654259060E+06   -3.8052722458249E+11    2.1712804790815E+07
         40959   -3.8051690036083E+11    2.0258437575084E+08    1.6795765461841E+08   -3.8034894270621E+11    2.1712770510651E+07
         40969   -3.8049850904266E+11    1.7181274828482E+08    1.7018380191454E+08   -3.8032832524074E+11    2.1710798381139E+07
         40979   -3.8060988988800E+11    1.8942519450315E+08   -1.3795563313942E+07   -3.8062368545131E+11    2.1717646534343E+07
         40989   -3.8054541802439E+11    1.8633992579192E+08    1.2004707293964E+08   -3.8042537095145E+11    2.1714312159716E+07
         40999   -3.8048507914505E+11    2.0430016816235E+08   -4.6361037400754E+07   -3.8053144018245E+11    2.1710530300330E+07
         41009   -3.8058057285733E+11    1.9932351587281E+08    8.7663878781322E+07   -3.8049290897855E+11    2.1715935805751E+07
         41019   -3.8049326017667E+11    1.9058065935363E+08   -1.4319468279427E+08   -3.8063645485947E+11    2.1711594305924E+07
         41029   -3.8044378134083E+11    1.7132913335182E+08   -1.7876575078684E+08   -3.8062254709161E+11    2.1707955993509E+07
         41039   -3.8049594619261E+11    1.9869974160173E+08   -5.2013080911502E+07   -3.8054795927352E+11    2.1711083249588E+07
         41049   -3.8046285434336E+11    1.9044001203665E+08   -2.0503364651211E+08   -3.8066788798987E+11    2.1709660368998E+07
         41059   -3.8043694563772E+11    1.9825812260438E+08    7.3221276063055E+06   -3.8042962351011E+11    2.1707996198993E+07
         41069   -3.8047523709197E+11    1.7679897157268E+08   -4.9063575682064E+07   -3.8052430066765E+11    2.1709845750520E+07
         41079   -3.8038184632723E+11    1.9300676951774E+08   -1.1434443710827E+07   -3.8039328077095E+11    2.1705104250244E+07
         41089   -3.8031392854092E+11    1.9461796748661E+08    2.4986738098705E+08   -3.8006406115993E+11    2.1700773472936E+07
         41099   -3.8043145965417E+11    1.9186272016747E+08   -9.8568294084812E+07   -3.8053002794826E+11    2.1707405218340E+07
         41109   -3.8051081997011E+11    1.9330223369932E+08    2.0440653782146E+08   -3.8030641343229E+11    2.1711904125308E+07
         41119   -3.8064530011958E+11    1.8281161040166E+08   -1.4088472759505E+08   -3.8078618484717E+11    2.1719862503336E+07
         41129   -3.8056229052989E+11    1.7013864821981E+08    1.0183153120421E+08   -3.8046045899869E+11    2.1715354398690E+07
         41139   -3.8029166800859E+11    1.8890814874202E+08   -1.7091686389460E+08   -3.8046258487249E+11    2.1699989941980E+07
         41149   -3.8022940455612E+11    1.8033795048872E+08    8.3005300641977E+07   -3.8014639925548E+11    2.1695990556279E+07
         41159   -3.8026153545527E+11    1.9678299818929E+08    5.3826942302051E+07   -3.8020770851296E+11    2.1697564900890E+07
         41169   -3.8033382051547E+11    1.9988835564942E+08   -1.6305445525244E+08   -3.8049687497072E+11    2.1701865796836E+07
         41179   -3.8038709398584E+11    1.5439296830479E+08   -3.5139637401218E+07   -3.8042223362324E+11    2.1705046935631E+07
         41189   -3.8033917576902E+11    2.0661067835942E+08   -6.7592089613835E+07   -3.8040676785863E+11    2.1702283436655E+07
         41199   -3.8044685787214E+11    1.7574831201900E+08    4.3487244658410E+07   -3.8040337062748E+11    2.1708225771822E+07
         41209   -3.8041478938686E+11    1.7779786471333E+08   -2.0955277985981E+08   -3.8062434216672E+11    2.1706728382472E+07
         41219   -3.8033722686142E+11    1.8154053146064E+08   -1.4489333262675E+08   -3.8048212019405E+11    2.1702171966206E+07
         41229   -3.8038290378139E+11    1.8449575927399E+08    1.5554109705298E+08   -3.8022736268434E+11    2.1704532507154E+07
         41239   -3.8049054862492E+11    1.9639559728833E+08    4.4459844937064E+06   -3.8048610264043E+11    2.1710698949167E+07
         41249   -3.8056284754641E+11    1.8773424011662E+08    2.5068624148248E+08   -3.8031216130492E+11    2.1715393467358E+07
         41259   -3.8048446595586E+11    1.7414942628910E+08   -2.5649128360512E+08   -3.8074095723946E+11    2.1710389073890E+07
         41269   -3.8052856762652E+11    1.9011092191792E+08    4.8857323594452E+07   -3.8047971030292E+11    2.1712944754420E+07
         41279   -3.8063620978136E+11    1.9269550970714E+08    3.1725116836757E+07   -3.8060448466452E+11    2.1718893106099E+07
         41289   -3.8079087900119E+11    1.9419806610271E+08    1.5853338501976E+08   -3.8063234561617E+11    2.1727626714946E+07
         41299   -3.8081335297834E+11    2.0017304476659E+08    1.1447901980792E+07   -3.8080190507636E+11    2.1729285486336E+07
         41309   -3.8088383630861E+11    1.7346100585056E+08    1.7574796327368E+07   -3.8086626151228E+11    2.1732998148632E+07
         41319   -3.8098164401891E+11    2.2689763698842E+08   -2.6935501275087E+07   -3.8100857952018E+11    2.1739357754578E+07
         41329   -3.8084835298250E+11    1.9992599734557E+08   -1.4594764414174E+08   -3.8099430062664E+11    2.1731240065238E+07
         41339   -3.8087871225956E+11    1.8114166252424E+08   -3.8213951389328E+07   -3.8091692621095E+11    2.1733003299170E+07
         41349   -3.8091585805666E+11    1.9727931162077E+08   -1.1554957486636E+08   -3.8103140763152E+11    2.1735077419538E+07
         41359   -3.8090945861808E+11    1.6703662959866E+08    1.9226227952120E+08   -3.8071719633856E+11    2.1734787806294E+07
         41369   -3.8085521098158E+11    1.9644427545168E+08   -2.2211694929625E+08   -3.8107732793087E+11    2.1731907199410E+07
         41379   -3.8085815456828E+11    1.8272655400998E+08    2.7517635766154E+07   -3.8083063693252E+11    2.1731471127420E+07
         41389   -3.8090841869464E+11    2.0394862273692E+08    2.4295256470994E+08   -3.8066546612993E+11    2.1734730512366E+07
         41399   -3.8119315808361E+11    1.7948048222165E+08    2.0198261612759E+07   -3.8117295982200E+11    2.1750069018703E+07
         41409   -3.8139673303116E+11    1.9833943743436E+08   -8.6130600099747E+07   -3.8148286363126E+11    2.1762408087518E+07
         41419   -3.8156097681242E+11    1.8041570029597E+08   -9.4331460345203E+07   -3.8165530827277E+11    2.1771767645449E+07
         41429   -3.8160965685575E+11    1.9657709158279E+08    5.6003925549170E+07   -3.8155365293020E+11    2.1774927499708E+07
         41439   -3.8151543445967E+11    1.9489860265485E+08   -4.7824510330731E+07   -3.8156325897000E+11    2.1769706920034E+07
         41449   -3.8163427081458E+11    1.6343168703069E+08    7.9759997332153E+07   -3.8155451081725E+11    2.1775588544132E+07
         41459   -3.8176140990670E+11    1.9710601190109E+08    1.3563714405807E+08   -3.8162577276265E+11    2.1783628701353E+07
         41469   -3.8171832958391E+11    2.0276129667889E+08    1.3819897561900E+07   -3.8170450968634E+11    2.1780929800647E+07
         41479   -3.8188928944816E+11    1.7155674291267E+08   -4.1440621393058E+07   -3.8193073006955E+11    2.1789792353821E+07
         41489   -3.8229183266214E+11    1.9143962630068E+08    9.0604593007601E+07   -3.8220122806913E+11    2.1813220033081E+07
         41499   -3.8232233061473E+11    1.6998422219183E+08    1.4117816039601E+08   -3.8218115245434E+11    2.1815487929759E+07
         41509   -3.8225812222050E+11    1.8461184599293E+08   -1.6996850016011E+08   -3.8242809072066E+11    2.1811885574100E+07
         41519   -3.8229462648373E+11    1.8201430094865E+08   -2.4065957817554E+08   -3.8253528606191E+11    2.1813857037029E+07
         41529   -3.8226930629050E+11    1.8793367652165E+08   -8.5937275434209E+07   -3.8235524356593E+11    2.1812463424646E+07
         41539   -3.8220121423220E+11    2.0455122324154E+08    9.5333575818861E+07   -3.8210588065638E+11    2.1808433159780E+07
         41549   -3.8232349259359E+11    1.8542411849898E+08    1.5292156085109E+08   -3.8217057103274E+11    2.1815723742310E+07
         41559   -3.8228741464762E+11    1.7141476811737E+08    2.1378179745648E+08   -3.8207363285017E+11    2.1813266608687E+07
         41569   -3.8249946965178E+11    1.8297038515259E+08   -1.2264091847570E+08   -3.8262211057026E+11    2.1824924771778E+07
         41579   -3.8250784943223E+11    1.7713483029994E+08    7.4357793996593E+07   -3.8243349163824E+11    2.1826042807988E+07
         41589   -3.8245297532467E+11    1.9766740369872E+08    1.2621407003100E+08   -3.8232676125464E+11    2.1823187695796E+07
         41599   -3.8235172982228E+11    1.9754406289091E+08    7.5766748278668E+07   -3.8227596307400E+11    2.1817092079947E+07
         41609   -3.8228922298875E+11    1.9603882544685E+08    2.5693563987207E+07   -3.8226352942476E+11    2.1813635280973E+07
         41619   -3.8228934902706E+11    2.1423842023974E+08   -1.6122800785311E+07   -3.8230547182785E+11    2.1813526301599E+07
         41629   -3.8237631133828E+11    1.9538634279135E+08    7.8524944539133E+07   -3.8229778639374E+11    2.1818265697475E+07
         41639   -3.8244118048884E+11    1.8619910863412E+08   -1.9808781633002E+07   -3.8246098927048E+11    2.1822034308001E+07
         41649   -3.8261810725900E+11    1.8715729707255E+08   -1.2368946546715E+08   -3.8274179672447E+11    2.1832343295804E+07
         41659   -3.8253996452308E+11    1.8699006200725E+08    1.2222959629846E+08   -3.8241773492678E+11    2.1828106587488E+07
         41669   -3.8245574049580E+11    2.0348792276698E+08   -3.0212058866654E+07   -3.8248595255466E+11    2.1822819727532E+07
         41679   -3.8249205431294E+11    1.8228715229187E+08    8.6233625709153E+07   -3.8240582068723E+11    2.1825080446049E+07
         41689   -3.8265895600388E+11    1.7159723244729E+08    1.7397699593405E+08   -3.8248497900794E+11    2.1834621639490E+07
         41699   -3.8260635502380E+11    1.8843625588361E+08    2.6433322578272E+07   -3.8257992170122E+11    2.1831901674374E+07
         41709   -3.8253098169158E+11    1.9001900886035E+08    1.0247473028924E+08   -3.8242850696129E+11    2.1827323180289E+07
         41719   -3.8258483504581E+11    1.8263916438632E+08   -2.3037106269410E+07   -3.8260787215208E+11    2.1830489452482E+07
         41729   -3.8241383473966E+11    2.0000377963477E+08   -1.1627759734035E+08   -3.8253011233700E+11    2.1821160565727E+07
         41739   -3.8240509439742E+11    1.8893306762576E+08    1.2621083110943E+07   -3.8239247331431E+11    2.1819964171078E+07
         41749   -3.8257458353205E+11    1.8939407255817E+08   -2.5771527618312E+08   -3.8283229880823E+11    2.1829552855822E+07
         41759   -3.8255480912416E+11    1.8142982740375E+08   -2.2810509553639E+07   -3.8257761963371E+11    2.1828733491796E+07
         41769   -3.8257561899320E+11    1.8917921990464E+08   -1.8081992153817E+08   -3.8275643891474E+11    2.1829797926013E+07
         41779   -3.8261353606645E+11    1.8925626160439E+08   -1.1132848782444E+08   -3.8272486455428E+11    2.1831993453779E+07
         41789   -3.8274617429253E+11    1.5106928241298E+08   -7.5121762016135E+07   -3.8282129605455E+11    2.1839194171216E+07
         41799   -3.8277674574827E+11    1.7131604359429E+08   -1.4792325695290E+08   -3.8292466900522E+11    2.1841437015724E+07
         41809   -3.8275678127256E+11    2.0655435354768E+08   -1.7400509217986E+08   -3.8293078636474E+11    2.1840131804910E+07
         41819   -3.8287041074123E+11    1.8572958168381E+08   -1.4692166132171E+08   -3.8301733240256E+11    2.1846666377886E+07
         41829   -3.8286377123516E+11    1.7302087011242E+08   -2.7722473793749E+08   -3.8314099597309E+11    2.1846654287892E+07
         41839   -3.8286532366358E+11    1.9723208089425E+08   -1.0210161227502E+08   -3.8296742527585E+11    2.1846043326994E+07
         41849   -3.8289581704345E+11    1.8663597821960E+08   -3.5102489846331E+07   -3.8293091953330E+11    2.1847815129399E+07
         41859   -3.8293775398838E+11    2.0731403253474E+08    6.2746023314250E+07   -3.8287500796506E+11    2.1850489862489E+07
         41869   -3.8299824514241E+11    1.9274505601473E+08    2.3220137935219E+07   -3.8297502500447E+11    2.1853953491469E+07
         41879   -3.8304101400648E+11    2.0056103119968E+08    5.8178243273531E+06   -3.8303519618216E+11    2.1856237975126E+07
         41889   -3.8312448675450E+11    1.8306337650451E+08   -1.7163966306735E+08   -3.8329612641757E+11    2.1861003405188E+07
         41899   -3.8328581716962E+11    2.0481707803831E+08    1.0594282739336E+08   -3.8317987434223E+11    2.1870020097530E+07
         41909   -3.8339960225189E+11    1.8909640582492E+08   -8.5259894894565E+07   -3.8348486214679E+11    2.1876724599901E+07
         41919   -3.8346178362216E+11    1.8136090919618E+08   -1.6002499370920E+08   -3.8362180861587E+11    2.1880179391652E+07
         41929   -3.8360305997975E+11    1.8806297539790E+08   -1.1791146418331E+08   -3.8372097144393E+11    2.1888372534326E+07
         41939   -3.8348276584942E+11    1.8699159595033E+08   -1.3010715823563E+06   -3.8348406692100E+11    2.1882212438439E+07
         41949   -3.8333772669834E+11    1.9267719855901E+08   -1.0032264201264E+08   -3.8343804934036E+11    2.1873165418482E+07
         41959   -3.8334712154889E+11    1.9141998025418E+08   -3.1128997411886E+07   -3.8337825054630E+11    2.1873842822940E+07
         41969   -3.8332560623064E+11    1.9416350719352E+08    1.2538264414075E+08   -3.8320022358650E+11    2.1872917774653E+07
         41979   -3.8327895746858E+11    2.0173322280259E+08   -2.3354556368759E+08   -3.8351250303227E+11    2.1869796906960E+07
         41989   -3.8326258208588E+11    1.9567348602744E+08   -6.7606652954449E+07   -3.8333018873883E+11    2.1869124744973E+07
         41999   -3.8326606501208E+11    1.9095209627986E+08   -8.5111175882537E+07   -3.8335117618796E+11    2.1869173302745E+07
         42009   -3.8335863984656E+11    2.0914122289397E+08   -2.6920999076844E+08   -3.8362784983733E+11    2.1874423919151E+07
         42019   -3.8326489367481E+11    1.9301913758253E+08   -1.2646044734372E+08   -3.8339135412216E+11    2.1869415453530E+07
         42029   -3.8319560429883E+11    1.9518266335670E+08    7.3376061949182E+06   -3.8318826669263E+11    2.1865354474312E+07
         42039   -3.8311267789359E+11    1.8057517742544E+08   -1.0892822680731E+08   -3.8322160612040E+11    2.1860544993234E+07
         42049   -3.8294081512664E+11    1.6224459196711E+08   -2.5094250416449E+08   -3.8319175763081E+11    2.1851363252199E+07
         42059   -3.8263498599195E+11    1.8687634148666E+08   -1.3888293774441E+08   -3.8277386892970E+11    2.1833565272579E+07
         42069   -3.8278838014475E+11    1.8547400892490E+08   -7.6108586556552E+07   -3.8286448873131E+11    2.1841308144022E+07
         42079   -3.8301643282506E+11    1.9806030329575E+08   -1.2594827239032E+08   -3.8314238109745E+11    2.1854870297097E+07
         42089   -3.8307526761056E+11    1.9138144232457E+08    6.9389299478205E+07   -3.8300587831108E+11    2.1858265461185E+07
         42099   -3.8323661078608E+11    1.9274358692670E+08    2.2791601391789E+08   -3.8300869477216E+11    2.1867138586971E+07
         42109   -3.8340583125952E+11    2.1946709880416E+08    1.5976526239408E+08   -3.8324606599712E+11    2.1876875695618E+07
         42119   -3.8365422055434E+11    1.7268788834348E+08   -7.9298779107106E+07   -3.8373351933345E+11    2.1890702246515E+07
         42129   -3.8388392747253E+11    2.0167734240591E+08   -1.4676269355469E+08   -3.8403069016609E+11    2.1904713593553E+07
         42139   -3.8383660636569E+11    1.7415555580379E+08    4.3227267483481E+07   -3.8379337909820E+11    2.1901636402529E+07
         42149   -3.8390614590838E+11    1.8044563754792E+08    7.9455786002937E+07   -3.8382669012237E+11    2.1905755445972E+07
         42159   -3.8406742727116E+11    1.9034199742947E+08    3.4895595718940E+07   -3.8403253167544E+11    2.1914567290205E+07
         42169   -3.8437650998691E+11    1.7759826201035E+08   -9.9350798319830E+07   -3.8447586078523E+11    2.1932213500672E+07
         42179   -3.8458754790756E+11    1.5732159909614E+08    1.4506067781632E+08   -3.8444248722975E+11    2.1944318850393E+07
         42189   -3.8477796308377E+11    2.0254458572052E+08   -8.4524557330896E+07   -3.8486248764110E+11    2.1955418105209E+07
         42199   -3.8481785255223E+11    1.9116240218771E+08    2.9020080219684E+07   -3.8478883247201E+11    2.1957625021836E+07
         42209   -3.8480153065552E+11    2.2761794572995E+08    5.6477972823172E+07   -3.8474505268269E+11    2.1956882189197E+07
         42219   -3.8483753686302E+11    1.9378473187584E+08   -6.7351930028973E+07   -3.8490488879304E+11    2.1958836110316E+07
         42229   -3.8508696866978E+11    1.9491813408324E+08    2.7372363379750E+07   -3.8505959630640E+11    2.1972778748053E+07
         42239   -3.8517674115127E+11    2.0361124867094E+08   -1.2654389310878E+08   -3.8530328504437E+11    2.1978013164187E+07
         42249   -3.8529280508617E+11    2.0747851283832E+08    7.3314582535619E+07   -3.8521949050364E+11    2.1984833629363E+07
         42259   -3.8536408580772E+11    2.0389116264723E+08   -9.4027712814401E+07   -3.8545811352053E+11    2.1988983246404E+07
         42269   -3.8535450207008E+11    1.9511524283846E+08    2.8970526288731E+08   -3.8506479680719E+11    2.1988399241817E+07
         42279   -3.8529551344975E+11    1.8480428509593E+08   -6.0307519732198E+06   -3.8530154420172E+11    2.1985048754985E+07
         42289   -3.8538660682877E+11    1.8632995873602E+08    9.0076618227602E+06   -3.8537759916694E+11    2.1990078399943E+07
         42299   -3.8540050798481E+11    1.6106715276456E+08    1.2859317648397E+08   -3.8527191480833E+11    2.1991237911452E+07
         42309   -3.8521501647041E+11    1.9291282040881E+08    7.9481053807192E+07   -3.8513553541660E+11    2.1980847136332E+07
         42319   -3.8527750908998E+11    1.4018127015499E+08    4.7196798481617E+07   -3.8523031229150E+11    2.1983833900262E+07
         42329   -3.8533662968161E+11    1.8837208292114E+08   -1.0325555748902E+08   -3.8543988523910E+11    2.1987067094388E+07
         42339   -3.8555050327289E+11    1.8855231489138E+08    1.3638240613453E+08   -3.8541412086676E+11    2.1999234721729E+07
         42349   -3.8573720246105E+11    1.9628966060944E+08    1.0503316206928E+08   -3.8563216929898E+11    2.2009873432564E+07
         42359   -3.8583392355181E+11    1.5774060280531E+08    4.8541205589198E+06   -3.8582906943125E+11    2.2015652643137E+07
         42369   -3.8592637619362E+11    2.0810390148591E+08    1.4390297701211E+07   -3.8591198589592E+11    2.2020977209606E+07
         42379   -3.8592149474786E+11    1.8217708149312E+08   -4.5406386436165E+07   -3.8596690113430E+11    2.2020711906161E+07
         42389   -3.8610678228377E+11    2.0332968537994E+08   -1.5515269610989E+08   -3.8626193497988E+11    2.2031130056918E+07
         42399   -3.8611725295820E+11    2.0810242555543E+08   -2.4784211032827E+08   -3.8636509506853E+11    2.2032052651336E+07
         42409   -3.8622740233577E+11    1.9488839220930E+08    6.5120010847139E+07   -3.8616228232492E+11    2.2037895707515E+07
         42419   -3.8638131907570E+11    1.9541386843072E+08   -8.2879191997951E+07   -3.8646419826770E+11    2.2046955762909E+07
         42429   -3.8641243418044E+11    1.8710834175168E+08   -1.4293379135767E+08   -3.8655536797180E+11    2.2048683328757E+07
         42439   -3.8650859022453E+11    1.9030086904989E+08   -1.7882224442806E+08   -3.8668741246896E+11    2.2054355882867E+07
         42449   -3.8637747216327E+11    2.0218471985923E+08   -3.2956996949822E+08   -3.8670704213276E+11    2.2046989039517E+07
         42459   -3.8654399972175E+11    1.7183060726279E+08   -3.5762949197993E+08   -3.8690162921373E+11    2.2055729338470E+07
         42469   -3.8677332062619E+11    1.8169388937382E+08   -2.2792297745335E+08   -3.8700124360364E+11    2.2069220661026E+07
         42479   -3.8685105568475E+11    1.9015939798924E+08   -8.0586137266148E+07   -3.8693164182202E+11    2.2073718861668E+07
         42489   -3.8684734296166E+11    1.9847072088783E+08    1.4197064183497E+08   -3.8670537231982E+11    2.2073735392556E+07
         42499   -3.8686535950866E+11    2.0050662357314E+08    1.4141190614724E+08   -3.8672394760251E+11    2.2074634473859E+07
         42509   -3.8684572714286E+11    1.9779646158453E+08   -1.0102963770081E+08   -3.8694675678056E+11    2.2073541016069E+07
         42519   -3.8698042459952E+11    2.0438647896948E+08   -1.0001608134482E+07   -3.8699042620765E+11    2.2081233027684E+07
         42529   -3.8700239236208E+11    2.0277515937179E+08   -1.1623033331709E+08   -3.8711862269540E+11    2.2082573000649E+07
         42539   -3.8701847663861E+11    2.0819499083755E+08    3.3823654827117E+08   -3.8668024009034E+11    2.2082993932806E+07
         42549   -3.8709877839758E+11    1.8372030408866E+08    2.0623553965549E+06   -3.8709671604218E+11    2.2088274807650E+07
         42559   -3.8711006197384E+11    2.0577837250815E+08    1.1433687028375E+08   -3.8699572510356E+11    2.2088128521564E+07
         42569   -3.8719603766800E+11    1.8299427679449E+08   -3.2247063166420E+07   -3.8722828473117E+11    2.2093598339755E+07
         42579   -3.8729786372848E+11    1.9504795288742E+08    3.2091830891982E+07   -3.8726577189759E+11    2.2098830667126E+07
         42589   -3.8735748900234E+11    2.0149827795224E+08   -1.8207461880987E+08   -3.8753956362115E+11    2.2102969363547E+07
         42599   -3.8729141411711E+11    1.9395981425385E+08    1.5979234548248E+08   -3.8713162177163E+11    2.2099193921862E+07
         42609   -3.8710876014811E+11    1.9891076545064E+08    2.1758404199953E+08   -3.8689117610611E+11    2.2088630452665E+07
         42619   -3.8718269397425E+11    2.0060080240381E+08    1.0590987894654E+08   -3.8707678409530E+11    2.2092717212525E+07
         42629   -3.8707408864631E+11    1.9601734023497E+08    1.5538109737606E+08   -3.8691870754894E+11    2.2086652886772E+07
         42639   -3.8718846968903E+11    1.9996415791895E+08    5.4008617027234E+07   -3.8713446107200E+11    2.2093084800325E+07
         42649   -3.8709768108666E+11    2.0281587958522E+08    5.0962074162962E+07   -3.8704671901249E+11    2.2087844005318E+07
         42659   -3.8722301294831E+11    1.8510124400874E+08   -8.6016645658300E+07   -3.8730902959397E+11    2.2094528203716E+07
         42669   -3.8732880930575E+11    1.8695980516519E+08    3.6029468121995E+07   -3.8729277983763E+11    2.2101197843775E+07
         42679   -3.8729551559941E+11    2.1595057237845E+08   -3.0841616325096E+07   -3.8732635721573E+11    2.2098995425399E+07
         42689   -3.8745615617606E+11    2.1118215261536E+08    1.4386958161608E+08   -3.8731228659445E+11    2.2108213717050E+07
         42699   -3.8753697300481E+11    2.1634102622643E+08   -9.1448721425162E+07   -3.8762842172624E+11    2.2112279760431E+07
         42709   -3.8780883920769E+11    1.9423486577654E+08    1.9460644901338E+08   -3.8761423275867E+11    2.2128349155044E+07
         42719   -3.8787416822338E+11    2.0082666969658E+08    7.8249798620760E+07   -3.8779591842475E+11    2.2131895706926E+07
         42729   -3.8804928530094E+11    1.9063132556718E+08   -6.2546529835044E+07   -3.8811183183077E+11    2.2142131128110E+07
         42739   -3.8799559390425E+11    2.0026887672643E+08   -1.5482832635438E+07   -3.8801107673689E+11    2.2139006751244E+07
         42749   -3.8817942953788E+11    2.0177321900346E+08    7.9984371529847E+07   -3.8809944516635E+11    2.2148940041234E+07
         42759   -3.8828196186025E+11    1.9534252788745E+08   -1.5712621715446E+08   -3.8843908807740E+11    2.2155719891315E+07
         42769   -3.8830953517788E+11    2.0768309394077E+08   -1.1981250066596E+08   -3.8842934767854E+11    2.2157220694730E+07
         42779   -3.8824192930622E+11    2.0044128461772E+08    4.4608628384899E+07   -3.8819732067783E+11    2.2153494608390E+07
         42789   -3.8811969993231E+11    1.9784025415022E+08    1.5634339025087E+08   -3.8796335654206E+11    2.2146178234177E+07
         42799   -3.8824599234153E+11    1.9561569666153E+08    2.4327189598915E+07   -3.8822166515193E+11    2.2153221186365E+07
         42809   -3.8833787244038E+11    1.9943853546309E+08   -1.2938270301642E+07   -3.8835081071068E+11    2.2158378707900E+07
         42819   -3.8855671551916E+11    1.8160226116914E+08   -5.9274615716779E+07   -3.8861599013487E+11    2.2170597684987E+07
         42829   -3.8883767712397E+11    1.8626157590607E+08    1.4394125948451E+08   -3.8869373586448E+11    2.2186574399615E+07
         42839   -3.8897733606316E+11    1.9002911363141E+08   -1.4120776472772E+08   -3.8911854382788E+11    2.2195228636096E+07
         42849   -3.8883213865472E+11    1.8446810802173E+08    1.8071360460053E+08   -3.8865142505012E+11    2.2187234979585E+07
         42859   -3.8878656668278E+11    2.0607693478680E+08   -2.6381917323581E+08   -3.8905038585602E+11    2.2184460921436E+07
         42869   -3.8874921176869E+11    1.8148035476509E+08   -1.6947713219945E+08   -3.8891868890089E+11    2.2181917635708E+07
         42879   -3.8892373970066E+11    1.7723939892815E+08   -3.2877336335430E+05   -3.8892406847402E+11    2.2191757623253E+07
         42889   -3.8886857738200E+11    1.8568434502139E+08   -1.1702895748289E+08   -3.8898560633948E+11    2.2189255917532E+07
         42899   -3.8874392469925E+11    2.0480297696683E+08    1.7125871416158E+08   -3.8857266598509E+11    2.2181899562479E+07
         42909   -3.8876455405466E+11    2.2486677451787E+08    4.5552385239864E+07   -3.8871900166942E+11    2.2183034870327E+07
         42919   -3.8858909547072E+11    1.9458570742476E+08   -8.2874221548982E+07   -3.8867196969227E+11    2.2173502370394E+07
         42929   -3.8851395245091E+11    2.0157101297278E+08    2.8978353388483E+07   -3.8848497409752E+11    2.2168462304470E+07
         42939   -3.8843417218034E+11    1.9125237564581E+08   -9.7758663531847E+07   -3.8853193084388E+11    2.2164488601692E+07
         42949   -3.8835698599588E+11    2.0133053073254E+08    7.6467173826462E+07   -3.8828051882205E+11    2.2159821141140E+07
         42959   -3.8838492777722E+11    2.0196182691466E+08   -9.5003726405713E+07   -3.8847993150362E+11    2.2161380693821E+07
         42969   -3.8838960691047E+11    1.7995428694138E+08   -1.4589209481403E+08   -3.8853549900528E+11    2.2161511248146E+07
         42979   -3.8857381076294E+11    1.9495211361864E+08   -1.5848948178796E+08   -3.8873230024473E+11    2.2171919926558E+07
         42989   -3.8868081969153E+11    1.6387853129770E+08   -2.0552562948256E+08   -3.8888634532101E+11    2.2178521492884E+07
         42999   -3.8860042436616E+11    2.0555420423125E+08   -1.3112283690410E+08   -3.8873154720306E+11    2.2173700276716E+07
         43009   -3.8860740603525E+11    2.0005301413161E+08   -1.7731420099697E+07   -3.8862513745535E+11    2.2173955046452E+07
         43019   -3.8860460093062E+11    1.5495928395940E+08   -2.2966800236340E+08   -3.8883426893299E+11    2.2173854047935E+07
         43029   -3.8861184883622E+11    1.5197200252760E+08   -1.7451551134778E+08   -3.8878636434757E+11    2.2174519984480E+07
         43039   -3.8858605025909E+11    1.7285162187341E+08    5.6547456209522E+07   -3.8852950280288E+11    2.2172848847116E+07
         43049   -3.8869688425669E+11    2.0012888415138E+08    1.9875415902328E+08   -3.8849813009766E+11    2.2178962944761E+07
         43059   -3.8880171466872E+11    2.0745090130504E+08   -7.7976415660412E+07   -3.8887969108438E+11    2.2185130726536E+07
         43069   -3.8875967430216E+11    1.8711358968044E+08   -9.4156041280242E+06   -3.8876908990628E+11    2.2181908503578E+07
         43079   -3.8894077925025E+11    1.8872351391760E+08    1.5897919554045E+08   -3.8878180005471E+11    2.2193346711866E+07
         43089   -3.8889894902641E+11    2.0633070013190E+08    1.8041086401704E+07   -3.8888090794000E+11    2.2190794958235E+07
         43099   -3.8898488011509E+11    1.9426872323761E+08   -1.5558194081896E+08   -3.8914046205591E+11    2.2195256073881E+07
         43109   -3.8913208650319E+11    1.9357136316620E+08   -1.1204668717254E+08   -3.8924413319036E+11    2.2203770676863E+07
         43119   -3.8903301002350E+11    1.8523126628560E+08   -9.7146807896406E+07   -3.8913015683140E+11    2.2198728758556E+07
         43129   -3.8900972865000E+11    1.8387066653976E+08   -1.9420128336150E+08   -3.8920392993336E+11    2.2196775383085E+07
         43139   -3.8909120390209E+11    1.8796151996660E+08    1.3895597217686E+08   -3.8895224792992E+11    2.2201588551388E+07
         43149   -3.8923951995700E+11    2.0543496781740E+08   -6.4853168810221E+07   -3.8930437312581E+11    2.2209897811197E+07
         43159   -3.8924036117709E+11    2.0535321542686E+08    2.6354357996534E+08   -3.8897681759713E+11    2.2209801598759E+07
         43169   -3.8939801913647E+11    1.9200963377376E+08   -7.0922038850852E+07   -3.8946894117532E+11    2.2219196150856E+07
         43179   -3.8935507087409E+11    1.9610645278122E+08    2.1188869709834E+07   -3.8933388200438E+11    2.2216768126343E+07
         43189   -3.8954330459788E+11    1.7575281793300E+08   -2.9152305249982E+07   -3.8957245690312E+11    2.2227036081976E+07
         43199   -3.8956974716941E+11    1.9415123902216E+08   -2.5377074010314E+08   -3.8982351790951E+11    2.2229293438744E+07
         43209   -3.8962271023472E+11    1.9994374357002E+08   -2.4382682263148E+08   -3.8986653705735E+11    2.2231579947042E+07
         43219   -3.8977296217472E+11    5.8344760711548E+07   -8.4277995413267E+07   -3.8985724017013E+11    2.2240365149712E+07
         43229   -3.8977542534694E+11    1.9063004302499E+08   -1.3275340811522E+08   -3.8990817875505E+11    2.2240872612387E+07
         43239   -3.8975818341959E+11    1.8811832673810E+08   -1.8614201303706E+08   -3.8994432543263E+11    2.2239700409250E+07
         43249   -3.8982740643688E+11    1.9470648508421E+08   -1.4340988860136E+08   -3.8997081632548E+11    2.2243111107433E+07
         43259   -3.8999029317666E+11    1.9118304272917E+08    3.2223860218015E+07   -3.8995806931644E+11    2.2252903845240E+07
         43269   -3.9001138747162E+11    1.9292551786557E+08   -1.4922064661020E+07   -3.9002630953629E+11    2.2254123278618E+07
         43279   -3.9011428723466E+11    1.7848582229265E+08   -1.3150062368918E+08   -3.9024578785835E+11    2.2259599551899E+07
         43289   -3.9031956197519E+11    2.0392410637991E+08   -2.9474148914940E+07   -3.9034903612410E+11    2.2271848578062E+07
         43299   -3.9015408047547E+11    1.9707628926003E+08   -6.1739308472108E+07   -3.9021581978394E+11    2.2262294351240E+07
         43309   -3.9013720659431E+11    2.0347589538538E+08    2.0462432896682E+08   -3.8993258226535E+11    2.2260994881050E+07
         43319   -3.9036198302344E+11    1.9780905753615E+08   -8.6621975783968E+07   -3.9044860499922E+11    2.2273763487349E+07
         43329   -3.9050730443766E+11    1.9376382141168E+08   -1.3201123956318E+08   -3.9063931567722E+11    2.2282357045187E+07
         43339   -3.9036339952828E+11    2.0660620479059E+08   -1.5768462367140E+08   -3.9052108415195E+11    2.2274454806263E+07
         43349   -3.9044207560412E+11    1.8402862567976E+08    1.2921844574681E+07   -3.9042915375955E+11    2.2278344246513E+07
         43359   -3.9058855105769E+11    2.0087603162181E+08   -1.2264773122096E+08   -3.9071119878891E+11    2.2286673300751E+07
         43369   -3.9067085029375E+11    1.9019347776100E+08   -7.1081704543123E+07   -3.9074193199829E+11    2.2291789321012E+07
         43379   -3.9077187001397E+11    1.9166590160269E+08   -1.1747654809983E+07   -3.9078361766878E+11    2.2297366774107E+07
         43389   -3.9074784627500E+11    2.1567723985493E+08   -9.9888513881695E+07   -3.9084773478888E+11    2.2296027712641E+07
         43399   -3.9101859790281E+11    1.9604970632317E+08    5.6257536356784E+07   -3.9096234036646E+11    2.2311368823111E+07
         43409   -3.9099071860125E+11    2.0906137313063E+08   -2.3583905484079E+08   -3.9122655765609E+11    2.2309881178671E+07
         43419   -3.9125294853438E+11    1.9841565798340E+08    9.4601845428203E+07   -3.9115834668895E+11    2.2324246027536E+07
         43429   -3.9152865126678E+11    1.6616948111185E+08   -2.8079073848435E+08   -3.9180944200527E+11    2.2340599715040E+07
         43439   -3.9148140167241E+11    2.0567584531120E+08   -2.7433762599756E+08   -3.9175573929840E+11    2.2338252638998E+07
         43449   -3.9141923807038E+11    2.0936797808502E+08   -4.8539225099412E+07   -3.9146777729547E+11    2.2334417055408E+07
         43459   -3.9161179587050E+11    1.8949031308002E+08    6.7035482222071E+07   -3.9154476038828E+11    2.2345108619761E+07
         43469   -3.9178065288731E+11    2.1368665356058E+08    1.5244255690214E+08   -3.9162821033041E+11    2.2354714599045E+07
         43479   -3.9194425250609E+11    2.0770718393726E+08    3.1550966442336E+08   -3.9162874284167E+11    2.2364208246029E+07
         43489   -3.9173304826794E+11    1.5875705920990E+08   -5.8309380827300E+07   -3.9179135764876E+11    2.2352720695324E+07
         43499   -3.9170911952672E+11    1.9882933522070E+08    1.8237474637395E+08   -3.9152674478034E+11    2.2351156039379E+07
         43509   -3.9165757683516E+11    1.8817214357664E+08    2.1992929160854E+08   -3.9143764754355E+11    2.2348276843256E+07
         43519   -3.9159684250297E+11    1.5788174074641E+08   -2.6935202004462E+07   -3.9162377770497E+11    2.2344734119280E+07
         43529   -3.9157458931741E+11    2.0345831442299E+08    4.5091448773385E+06   -3.9157008017253E+11    2.2343234050890E+07
         43539   -3.9155725844112E+11    1.9576598918832E+08    5.5173412868862E+07   -3.9150208502826E+11    2.2342638853552E+07
         43549   -3.9141356401691E+11    1.8056613971523E+08   -1.7032067695342E+07   -3.9143059608460E+11    2.2334707385136E+07
         43559   -3.9140646476750E+11    1.9034438013515E+08   -6.0427646988404E+07   -3.9146689241449E+11    2.2333055159735E+07
         43569   -3.9164871583269E+11    1.9314151233229E+08   -5.3629437547686E+07   -3.9170234527024E+11    2.2347457356953E+07
         43579   -3.9154148699062E+11    1.9404874356549E+08   -8.5743263500897E+07   -3.9162723025413E+11    2.2341647210474E+07
         43589   -3.9147975940034E+11    2.0842298861636E+08    5.6899944881121E+07   -3.9142285945546E+11    2.2337770332047E+07
         43599   -3.9167321955747E+11    2.0261139609843E+08   -1.7658494792688E+07   -3.9169087805226E+11    2.2348734092068E+07
         43609   -3.9158150080650E+11    2.1120417095424E+08    2.3447745609258E+08   -3.9134702335041E+11    2.2343878739138E+07
         43619   -3.9164805291412E+11    1.6628206713042E+08    1.2874869843746E+08   -3.9151930421569E+11    2.2347025040976E+07
         43629   -3.9175857708788E+11    1.9962712762437E+08   -1.5412445661404E+08   -3.9191270154449E+11    2.2353654822826E+07
         43639   -3.9199887522725E+11    1.9743859057108E+08   -1.8837378873473E+07   -3.9201771260612E+11    2.2367079604374E+07
         43649   -3.9204424473009E+11    1.9259585379893E+08    1.8036840920259E+07   -3.9202620788917E+11    2.2370273110245E+07
         43659   -3.9205740792244E+11    1.8797821367432E+08   -9.1078425943970E+05   -3.9205831870670E+11    2.2370694689829E+07
         43669   -3.9209005688178E+11    1.9198362544717E+08   -6.6349664932805E+07   -3.9215640654671E+11    2.2372903183483E+07
         43679   -3.9207424688244E+11    1.7081383209511E+08    6.9941500415642E+07   -3.9200430538202E+11    2.2371791660931E+07
         43689   -3.9205617729797E+11    2.0278673317366E+08    1.5657807407900E+07   -3.9204051949056E+11    2.2371022441990E+07
         43699   -3.9206924105662E+11    1.8871899492744E+08    4.8795626276845E+07   -3.9202044543035E+11    2.2371563055449E+07
         43709   -3.9209531878394E+11    1.7572198292900E+08    3.7912182200306E+08   -3.9171619696193E+11    2.2373362537155E+07
         43719   -3.9198343144575E+11    1.9445146518707E+08    2.5472847844904E+07   -3.9195795859791E+11    2.2366794544174E+07
         43729   -3.9186495937278E+11    2.0114910059648E+08    1.1557048730289E+08   -3.9174938888548E+11    2.2360116781084E+07
         43730   -3.9181787851594E+10    1.6480996405624E+07   -7.3059884823682E+07   -3.9254847736417E+10    2.2357284445915E+06
