       -9007203105249481    -8954352327863566337                     175
       -9007203096867017    -8954352327863566337                     143
            -72561605322    -4342666309436178433                   65711
       -9024794343385289    -8954352327863566337                  131246
       -9007203096885449    -4342666309436178433                     175
      -81064796195268809    -8954352327863566337                  131246
       -9570160566474961    -8954352327863566337                     175
       -9570159492741193    -8954352327863566337                     175
       -9007203029760201    -8954352396583043073                     175
       -9077571841046729    -8954352327863566337                    1199
       -9007203105249481    -8954352327863566337                   16558
       -9007203096869065    -8963359527118307329                   32943
        -562953795549385    -8954352327863566337                     175
     -153122528548632769      269019708991209471                    8367
       -9570161640249417    -8377891575560142849                     175
       -9007203101063369    -4342666309436178433                     175
    -1179943106146613449    -8953226427956723713                  524463
      -10133103003711689    -8954352327863566337                     431
       -9016041602693385    -8954510657537966081                   45231
     -297238128048085083    -8954352327863566337                  524463
       -9007203096869065    -8954352327863566337                     175
       -9007203096867017    -8954352327864090625                     175
       -9007203080108233    -8954352327863566337                     175
       -9007203096868937    -8954352327863566337                     167
       -9007203096868937    -8954352465303044097                   32943
       -9007203096869065    -8954352327864090625                   32943
       -9570160566737105    -6651887018370400257                     231
     -873698364974567817    -8954352327863566337                  721071
       -9007203105257673    -8954352327863566337                   32943
       -9007203096861385    -4343229259389665281                  524463
