  # Orbital no.         Normalised occupation
              1                  0.0084583405
              2                  0.0084406044
              3                  0.0086140714
              4                  0.0007908768
              5                  0.0085667863
              6                  0.0086300583
              7                  0.0008169667
              8                  0.0008840462
              9                  0.0084134122
             10                  0.0084716204
             11                  0.0084183178
             12                  0.0008742172
             13                  0.0007127095
             14                  0.0008302873
             15                  0.0085801064
             16                  0.0085904594
             17                  0.0084151157
             18                  0.0007715903
             19                  0.0083818500
             20                  0.0085182210
             21                  0.0085042213
             22                  0.0085587231
             23                  0.0085525857
             24                  0.0085704165
             25                  0.0010895462
             26                  0.0086173589
             27                  0.0010119597
             28                  0.0085654568
             29                  0.0085322994
             30                  0.0007531442
             31                  0.0008663264
             32                  0.0007866878
             33                  0.0084119782
             34                  0.0083846426
             35                  0.0085662457
             36                  0.0085681687
             37                  0.0086017474
             38                  0.0086480743
             39                  0.0085093185
             40                  0.0086045949
             41                  0.0085916281
             42                  0.0086198385
             43                  0.0085227633
             44                  0.0085656887
             45                  0.0084856293
             46                  0.0085869271
             47                  0.0085897951
             48                  0.0086110568
             49                  0.0085881274
             50                  0.0084249923
             51                  0.0084836233
             52                  0.0085584726
             53                  0.0085236231
             54                  0.0007580558
             55                  0.0085040258
             56                  0.0085001762
             57                  0.0085396435
             58                  0.0085922345
             59                  0.0086000243
             60                  0.0086055777
             61                  0.0086350944
             62                  0.0086828522
             63                  0.0086597444
             64                  0.0086666594
             65                  0.0087491236
             66                  0.0087514651
             67                  0.0087567298
             68                  0.0087333615
             69                  0.0087495082
             70                  0.0087508875
             71                  0.0087086496
             72                  0.0086701818
             73                  0.0087213224
             74                  0.0087218931
             75                  0.0087118366
             76                  0.0087161982
             77                  0.0087029039
             78                  0.0087279793
             79                  0.0086679821
             80                  0.0086980735
             81                  0.0086462383
             82                  0.0086804654
             83                  0.0086620801
             84                  0.0085981725
             85                  0.0087703309
             86                  0.0087859724
             87                  0.0087582867
             88                  0.0087846197
             89                  0.0087080297
             90                  0.0087453091
             91                  0.0087255361
             92                  0.0087624969
             93                  0.0087101233
             94                  0.0087380562
             95                  0.0087104988
             96                  0.0087401085
             97                  0.0087396091
             98                  0.0087535845
             99                  0.0087271177
            100                  0.0087160399
            101                  0.0086572949
            102                  0.0086456755
            103                  0.0086880534
            104                  0.0087293374
            105                  0.0086868278
            106                  0.0087174350
            107                  0.0086963103
            108                  0.0087297736
            109                  0.0086193241
            110                  0.0086991709
            111                  0.0004888414
            112                  0.0086861520
            113                  0.0086427592
            114                  0.0086922658
            115                  0.0006939251
            116                  0.0086621211
            117                  0.0085926017
            118                  0.0086666888
            119                  0.0006172715
            120                  0.0087020830
            121                  0.0085790446
            122                  0.0086771701
            123                  0.0006245221
            124                  0.0006900649
            125                  0.0006653015
            126                  0.0007884645
            127                  0.0007651943
            128                  0.0086569487
            129                  0.0086035683
            130                  0.0086398333
            131                  0.0086380451
            132                  0.0086061410
            133                  0.0005032684
            134                  0.0086242605
            135                  0.0005908848
            136                  0.0086918192
            137                  0.0004966056
            138                  0.0005309451
            139                  0.0005687332
            140                  0.0005471634
            141                  0.0005304275
            142                  0.0005339030
            143                  0.0005688143
            144                  0.0006237708
            145                  0.0005637806
            146                  0.0005825105
            147                  0.0004869110
            148                  0.0006081436
            149                  0.0002250595
            150                  0.0001908248
            151                  0.0002587594
            152                  0.0002450242
