  # Orbital no.         Normalised occupation
              1                  0.0175721910
              2                  0.0175732863
              3                  0.0175199559
              4                  0.0175135947
              5                  0.0175039156
              6                  0.0175037765
              7                  0.0172332661
              8                  0.0172265644
              9                  0.0174739702
             10                  0.0174684001
             11                  0.0178306945
             12                  0.0178297894
             13                  0.0176304744
             14                  0.0176271299
             15                  0.0173335120
             16                  0.0173338266
             17                  0.0177318302
             18                  0.0177299249
             19                  0.0172454640
             20                  0.0172421120
             21                  0.0179417544
             22                  0.0179419465
             23                  0.0172288818
             24                  0.0172301720
             25                  0.0172155580
             26                  0.0172067867
             27                  0.0168710601
             28                  0.0168677022
             29                  0.0184046992
             30                  0.0184046448
             31                  0.0181364178
             32                  0.0181358056
             33                  0.0160712898
             34                  0.0160682544
             35                  0.0155624173
             36                  0.0155636673
             37                  0.0177263014
             38                  0.0177235704
             39                  0.0174845687
             40                  0.0174871970
             41                  0.0182936679
             42                  0.0182938135
             43                  0.0176973084
             44                  0.0176959022
             45                  0.0181951381
             46                  0.0181944686
             47                  0.0158906393
             48                  0.0158925030
             49                  0.0147512049
             50                  0.0147496195
             51                  0.0173519141
             52                  0.0173490149
             53                  0.0178300109
             54                  0.0178304506
             55                  0.0032122556
             56                  0.0032111894
             57                  0.0027873899
             58                  0.0027912727
             59                  0.0039936903
             60                  0.0039943066
             61                  0.0028971426
             62                  0.0029014411
             63                  0.0010617423
             64                  0.0010591037
             65                  0.0008263291
             66                  0.0008313085
             67                  0.0004285198
             68                  0.0004267786
             69                  0.0017564469
             70                  0.0017532250
             71                  0.0014791845
             72                  0.0014814515
             73                  0.0015416061
             74                  0.0015495040
             75                  0.0013604116
             76                  0.0013638926
             77                  0.0013328657
             78                  0.0013290440
             79                  0.0012768760
             80                  0.0012879038
             81                  0.0009817061
             82                  0.0009852010
             83                  0.0008807157
             84                  0.0008815149
             85                  0.0008936164
             86                  0.0008955126
             87                  0.0005786881
             88                  0.0005793248
             89                  0.0008810170
             90                  0.0008850402
             91                  0.0007916723
             92                  0.0007928576
             93                  0.0004162707
             94                  0.0004170377
             95                  0.0005659604
             96                  0.0005707080
             97                  0.0004979272
             98                  0.0004991395
             99                  0.0004830241
            100                  0.0004820054
            101                  0.0003746298
            102                  0.0003736921
            103                  0.0004468561
            104                  0.0004467717
            105                  0.0002750824
            106                  0.0002765306
            107                  0.0002502676
            108                  0.0002503185
