# POPSFILE VERSION 4
&POPSHEAD Pop64Bit=T
PopHPHF=F,PopLz=F,PopLensign= 2,PopNEl= 54,
PopTotwalk=      745900078
 PopMultiSft= -0.509098616928666      -0.509120828302514     
 PopMultiSumNoatHF=   3465938644.10540        3471577496.84447     
 PopMultiSumENum=  -1749503551.83771       -1751840223.87146     
PopCyc=          512400,PopNIfD= 1,PopNIfY= 0,PopNIfSgn= 2,
PopNIfFlag= 1,PopNIfTot= 4,PopTau=    0.000168394301,
PopiBlockingIter=          332040
PopPSingles=    0.026453213999,PopPParallel=    0.310547970899
,PopPDoubles=    0.973546786001,PopPSing_spindiff1=    0.000000000000
,PopPDoub_spindiff1=    0.000000000000,PopPDoub_spindiff2=    0.000000000000
PopTotImagTime=   88.019094442102
PopGammaSing= 157.089339345    ,PopGammaDoub= 5821.82253337    ,PopGammaOpp= 3985.92524555    ,PopGammaPar= 1795.36928591    ,PopMaxDeathCpt= 23.3733413796    
,PopGammaSing_spindiff1= 0.00000000000    ,PopGammaDoub_spindiff1= 0.00000000000    ,PopGammaDoub_spindiff2= 0.00000000000    
PopBalanceBlocks=  28000
PopNNodes=   280
PopWalkersOnNodes=         2664054,         2661848,         2663818,         2666053,         2662197,         2664058,         2662728,         2664042,         2664527,         2663186,         2663874,         2666000,         2664505,         2664825,         2661496,         2661780,         2660247,         2665940,         2662531,         2662162,         2662147,         2660826,         2663258,         2664154,         2663410,         2662547,         2665404,         2661282,         2665056,         2664662,         2663586,         2667346,         2663917,         2664727,         2665766,         2664038,         2662960,         2661318,         2663510,         2664290,         2662429,         2666443,         2661505,         2664862,         2663962,         2666276,         2665441,         2664029,         2663152,         2662196,         2663660,         2662073,         2664065,         2662098,         2662814,         2664678,         2663866,         2663076,         2664888,         2666031,         2667494,         2666123,         2664961,         2665115,         2664836,         2661891,         2664227,         2666455,         2666023,         2661892,         2664113,         2665468,         2662400,         2661773,         2662822,         2663356,         2662548,         2662613,         2663731,         2665944,         2664353,         2664984,         2663661,         2664665,         2663767,         2665097,         2666551,         2663843,         2663928,         2660892,         2662542,         2659959,         2663321,         2664184,         2663630,         2662266,         2661054,         2660925,         2666693,         2664524,         2665232,         2663635,         2664337,         2664451,         2663926,         2665549,         2666848,         2664035,         2665515,         2662362,         2662883,         2666194,         2663860,         2663746,         2663065,         2666740,         2661641,         2662301,         2662740,         2661701,         2663323,         2666636,         2664861,         2662884,         2663819,         2665887,         2667680,         2661989,         2663983,         2667876,         2665997,         2664100,         2664120,         2665086,         2662664,         2663025,         2664195,         2664170,         2665928,         2667546,         2663737,         2664856,         2660897,         2664074,         2661633,         2665693,         2665624,         2666002,         2661334,         2665175,         2662133,         2663476,         2663930,         2663334,         2663859,         2663674,         2665344,         2663905,         2663794,         2665280,         2661489,         2662844,         2664145,         2662244,         2662177,         2665877,         2665940,         2662154,         2666517,         2663512,         2664184,         2664832,         2664819,         2664272,         2662712,         2662605,         2665838,         2661420,         2665626,         2666830,         2661985,         2662699,         2666110,         2668192,         2660585,         2665680,         2665116,         2665054,         2665790,         2663149,         2660424,         2664434,         2664998,         2663925,         2660725,         2662396,         2663920,         2662386,         2662756,         2661055,         2664104,         2663249,         2662904,         2663212,         2668067,         2663795,         2663244,         2665420,         2666157,         2664215,         2663613,         2662629,         2664642,         2665421,         2664175,         2664172,         2662262,         2662538,         2660494,         2665873,         2664423,         2667075,         2663378,         2663555,         2663554,         2666001,         2660456,         2666706,         2663235,         2664710,         2664435,         2665075,         2663908,         2666312,         2663283,         2665488,         2665766,         2663396,         2663397,         2660485,         2663510,         2659445,         2663167,         2665393,         2663977,         2664172,         2663471,         2662411,         2665428,         2667494,         2664706,         2663638,         2663468,         2664346,         2661615,         2665177,         2662570,         2661764,         2660836,         2668106,         2665668,         2663956,         2664273,         2662434,         2663237,         2664140,         2663568,         2663069,         2662784,         2660722,         2666450,         2665010,         2663633,         2664434,         2667262,         2662121,         2663575,         2662445,         2664881,         2664955,
PopRandomHash=        79256,      102053,       57712,       37785,       61685,       93232,       93334,       84805,       41028,       52165,       93565,       45748,        7240,       59089,       97760,       71372,       56671,      107713,      102075,       45043,       38305,       86052,        2681,       14193,        4647,       59810,       32166,       57579,       88249,       42856,        7822,      105662,       18478,       15257,       44321,       48016,       25176,       61049,        9675,       76300,       44104,       58755,       96905,       35779,        4919,       34574,      104604,       83987,       10632,       20619,       94386,       53901,       89292,       74422,       77478,        6835,       35768,       11961,       46411,      105069,       52185,       32074,       88204,       72078,       13525,       18685,       37340,       70299,       70004,       37328,       32836,       26336,       12200,       65369,        3588,       74880,       96997,       22457,       15696,       55159,       91810,       57617,       22431,        7979,       97188,       64727,        8972,       55164,        1753,        4349,       33861,       27776,       17010,       29833,       60916,       56355,       75043,      103959,       96771,       74628,       71427,       91556,       83125,       73320,       46388,       19986,        2804,       89650,
 &END
