     -434747052242060609    -3673259785198764129                 6479862
     -434746914802582849    -3673259785198764257                 6479860
     -434746914802517313     5550112251656009535                 6479798
     -434740317733340481    -3673250989107841217                 6479862
     -434740317733324099    -3673259785198766273                14868214
     -434740317733274945    -3637230988179800289                 6479766
     -219130605832062289    -3674385633431783489                 6742006
     -219130605832062273    -3656371286461909057                 6479606
     -219130468397303041    -3674385684971391169                 6479862
     -219130468393108801    -3656371286461907169                 6479606
     -219130468393108801    -2521464180364542177                 6479606
     -219130468393043265    -3674383485981688033                 6479798
     -219128269369853249    -3674385684996557025                 6479862
     -219128269369853249    -3674385633431781609                 6479862
     -434740867489154369    -3673259785198766145                 6479862
     -434740575431378241    -3673259733659156705                 6479862
     -434740455172293969    -3673259785198764129                 6742006
     -434740317737469185    -3673259785198766273                 6479798
     -434740317735372097    -3673259785198766273                 6479806
     -434738118710019425    -3673259785198766305                 7004086
     -434599580244903233    -3673259785735637185                 6479542
     -254596384178062657    -8286071703398779009                 6479862
     -219130476983043425    -3674385684971389121                 7004150
     -219130468393370945    -2521464180364544193                 6479862
     -219130468393108817    -3674385701882824897                 6742006
     -219130468393108801    -3656371286461907169                 6479798
     -219130468393108737    -3674385684971389153                 6479798
     -219130468393043201    -3674385633431783617                 6463414
     -219130468392518977    -3674385684971389153                 6479796
    -1299431703886447937    -3673259785198764257                 6479798
     -434740575431361857    -3673259785198766273                 6479798
     -434740386452735297    -3673259785198766209                 6479542
     -434740317733340513    -3673259785198766273                 7004150
     -434740317732750657     5550112251656011551                 6479798
     -434738668465898817    -3673259785198766273                 6479862
     -434738127300019521    -3673259785198766273                 6479862
     -254596315458061633     5548986351883384639                 6479798
     -219130545702520129    -3674385684971389057                 6479862
     -219130537112520001    -8286071703398776993                 6479862
     -219130468395140417    -8286071703398779073                 6479870
     -219130468393108801    -3674385410094530785                 6479862
     -219130468393092417    -8286071703398779073                 6479862
     -219130468393043265    -8286071703423942881                 6479862
     -219130468392584513    -3674385633431783617                 6479830
     -218987531881497921    -3674385685508262113                 6479862
     -434746914803107139    -3673259785198764257                14868470
     -434740317741139265    -3673259785198764257                 6479798
     -434740317733340417    -3673259785198764257                 6479798
     -434740317733324099    -3673259785198764257                14868214
     -434738127300019521    -3673259733659156705                 6479862
     -434606177314686273    -3673259785735637185                 6479798
     -254596315458585937    -3674385684971391169                 6741942
     -219137065462859073    -3674385684971391169                 6479606
     -219137065462351169     5548986351883386655                 6479862
     -219130468527326529    -3672133885157703905                 6479862
     -219130468397303105    -3674385684971391169                 6479863
     -219130468397303041    -3674385684971389153                 6479862
     -219130468393109313    -3674376888878368961                 6479862
     -219130468393043267    -8286071703398779073                14868470
     -219130468392584513    -3674385684971391169                 6479734
    -2524971278583547201    -3674385684971389153                 6479862
     -434746914803041617    -3673259785198764257                 6741942
     -434740575431378241    -3673259733659158721                 6479862
     -434740317867558209    -3671007985385079009                 6479862
     -434740317750052161    -3668756185571393761                 6479798
     -434740317735372097    -3673259785198764257                 6479806
     -434740317732750657    -3673259733659156705                 6479766
     -219130469466850625    -3674385684971389153                 6545398
     -219130468393354561    -3674385684971389153                 6479862
     -219130468393108801    -3674385684996554977                 6479862
     -219130468393108801    -3674385633431783617                 6479862
     -219130468393108801    -3656371286461909185                 6479798
     -219130468393092417    -3674385684971391169                 6479798
     -219130468393043265    -3674385684996554977                 6479798
     -219130468393043201    -3674385633431781601                 6463414
     -219128269369853249    -3674385684971391177                 6479862
     -218989730904687937    -3674385684971391201                 6479798
     8788633918144690879    -3673259785198764257                 6479862
     -434746914803041601    -3673259733659158721                 6479798
     -434740575430788417    -3673259785198766273                 6479796
     -434740317737534785    -3673259785198766273                 6479863
     -434740317733340481    -3637230988180326593                 6479862
     -434740317733324097    -3673259733659158721                 6479606
     -434740317732734273     5550112251656009535                 6479542
     -254596384178062657    -3674385684971391105                 6479798
     -219130605832062273    -3674385684996556865                 6479862
     -219130468395140417    -8286071703398777057                 6479870
     -219130468393108929    -3638356887952427201                 6479862
     -219130468393108817    -3674385633431783617                 6742006
     -219130468393108753    -3674385684971391169                 6725622
     -434746914802517313    -3673259785198764257                 6479766
     -434740386452751681    -3673259785198764193                 6479798
     -434740318807016705    -3673259785198764257                 6479798
     -434740317732816193    -3673259785198766273                 6479734
     -434740317732750657    -8284945803626152161                 6479830
     -254596315458127169    -3674385684971391169                 6479860
     -219130605832062209    -3674385684971389025                 6463478
     -219130605831996737    -3674385633431783489                 6479798
     -219130537111995713    -3674385684971391105                 6479766
     -219130468393108833    -3674385684971391169                 7004150
     -219130468393108801    -3638356887952425185                 6479350
     -219130468393043265    -3674385684971389153                 6463478
     -219130468393043265    -3674385684971389153                 6479783
     -219128277959787841    -3674385684971389129                 6479862
     -434747172501079361    -3673259785198766273                 6479798
     -434746914803041617    -3673259785198766273                 6741942
     -434740317741204801    -3673259785198766273                 6479862
     -434740317733602625    -2520338280591919297                 6479862
     -434740317732816195     5550112251656009535                14868470
     -434740317732750657    -3673259733659158721                 6479766
     -434740300553405761    -3673259785199026401                 6479798
     -434738118709495105     5550112251656009527                 6479798
     -434606177314751809    -3673259785735637185                 6479862
     -219130605832062273    -3674385684971391041                 6479862
     -219130605831537985     5548986351883384767                 6479862
     -219130468393108833    -3674385427273353409                 7004150
     -219130468393108801     5585015148902350623                 6479862
     -219130468393108737    -3674385684971391169                 6478838
     -219130468392584449     5548986351883386655                 6463478
     -218576314532709697    -3674385684971391169                 6479862
     -434746914802517313    -3673259785198766273                 6479766
     -434740712870266177    -3673259785198766145                 6479798
     -434740575431378273    -3673259785198764257                 7004150
     -434740318807082241    -3673259785198766273                 6479862
     -434740317733340481    -3673259733684322529                 6479862
     -434740317732816225    -3673259785198766273                 7004118
     -434740317732816209    -3673259785198764257                 6742004
     -434740317732750657    -8284945803626154177                 6479830
     -219137065462875457    -3674385633431781601                 6479862
     -219137065462793537    -8286071703398777057                 6479798
     -219130743271015745    -3674385684971391105                 6479862
     -219130468397237569    -3674385684971389153                 6479799
     -219130468393108833    -3674385633431783617                 7004150
     -219130468393108801    -3674385684971389153                 6479862
     -219130468393043265    -2521464180364544193                 6479782
     -219130468392584513    -3674385684971391169                 6479860
     -434746914803041633    -3673259785198764257                 7004086
     -434740317741204801    -3673259785198764257                 6479862
     -434740317733340513    -3673259733659158721                 7004150
     -434740317733340481    -3673259785198764257                 6479847
     -434740317733340481    -1367416775985072321                 6479830
     -434740317732750689     5550112251656011551                 7004086
     -434599580244968769    -3673259785735635169                 6479606
     -219130605832062305    -3674385684971389025                 7004150
     -219130605831996737    -3674385684971391041                 6479798
     -219130468393108801    -3674385684971456705                 6545398
     -219130468393108801    -1368542675757695201                 6479830
     -219130468393043265    -3656371286461907169                 6479542
     -218567535619491137    -8284945803626152161                 6479862
     -867085881960842561    -3673259785198766273                 6479798
     -434740317733340481    -8284945803626154177                 6479863
     -434740317733275073    -3673259785198766273                 6487990
     -434740317733274945    -3637230988179802305                 6479286
     -434740317732816193     5550112251656011551                 6479862
     -434740317732750657    -3673259785198766273                 6479670
     -219130469466850561    -3674385684971389153                 6479862
     -219130468393305409    -2521464180364544193                 6479798
     -219130468393239873    -3638356887952427201                 6479862
     -219130468393108801    -3674385686045132993                 6545398
     -219130468393108801    -3674385684971391169                 6479862
     -219130468393026881    -8286071703398777057                 6479606
     -219128269369853249    -3674385633431783649                 6479862
     -219128269369787713    -3674385633431783625                 6479798
     -434746914803090753    -3673259785198766273                 6479798
     -434746914803090753    -3673259785198764257                 6479606
     -434746914803041601    -3673259785223930081                 6479798
     -434746914803041601    -3673259785198766273                 6479798
     -434740317733274961    -3673259785198766273                 6741942
     -434740317733274881    -3673259785198766273                 6479542
     -434738118710068545    -3673259785198766305                 6479606
     -434738118710019393    -3673259785223932129                 6479798
     -219137065462793537    -8286071703398779073                 6479798
     -219130605832062305    -3674385684971391041                 7004150
     -219130537112585537    -3674385684971389089                 6479862
     -219130469466785089    -3674385684971391169                 6545334
     -219130468397237569    -3674385684971391169                 6479799
     -219130468393108803    -3674385684971389153                14868470
     -219130468393026881    -8286071703398777057                 6479798
     -219128269369787713    -3674385684971389161                 6479798
     -434746914803090753    -3673259785198766273                 6479606
     -434746914803090753    -3673259785198764257                 6479798
     -434740455171704129    -3673259785198766145                 6479796
     -434740386452735297    -3673259785198764193                 6479542
     -434740317733340481    -3673259785198766273                 6479847
     -434740317733340481    -3673259785198764257                 6479799
     -434740317733340481    -3673259716479287777                 6479862
     -434740317733258577    -3673259785198764257                 6741686
     -255157066388817217    -3674385684971389153                 6479862
     -219130605832062273    -3674385684704004161                 6479862
     -219130476983043409    -3674385684971389121                 6742006
     -219130468395205953    -3674385684971389153                 6479870
     -219130468393043265    -3674385684971389153                 6455222
     -219130468393043201    -3674385684971391169                 6463414
     -219128269369787713    -8286071703398779105                 6479862
     -434740386452800833    -3673259785198766209                 6479606
     -434740386452751697    -3673259785198766209                 6741942
     -434740386452292929    -3673259785198766209                 6479830
     -434740317733340609    -3637230988179800289                 6479862
     -434740317733340481    -3673259785223932097                 6479862
     -434740317733340481    -3673259785198764257                 6479607
     -434740317732750657    -3673259785198764257                 6479670
     -434599580244985153    -3673260334954580161                 6479862
     -219130743270950209    -3674385684971389089                 6479798
     -219130468393043265    -3638356887952427201                 6479286
     -219130468393043201    -3674385684971389153                 6475702
     -219130468393026881    -8286071703398779073                 6479606
     -219128269369853249    -3674385684971389665                 6479862
     -219128269369787713    -3674385633431781609                 6479798
     -218567535619556673    -3673259733659156705                 6479862
     -434740575431312705    -3673259733659158721                 6479798
     -434740575430853953     5550112251656011551                 6479862
     -434740455172293953    -3673259733659158593                 6479862
     -434740317733340609    -3637230988179802305                 6479862
     -434740317733324097    -3673259785198766273                 6479591
     -434740317733274945    -1367416775985072321                 6479766
     -434740317732734273    -3673259785198766273                 6479540
     -434599580244985153    -3673259734196029633                 6479862
     -434599580244919617    -3673259785735635169                 6479798
     -255157066388817217    -3674385684971391169                 6479862
     -219130605832062273    -3673822735017969857                 6479862
     -219130469466785089    -3674385684971389153                 6545334
     -219130468393043265    -3656371286461909185                 6479542
     -219130468393026881    -8286071703398779073                 6479798
     -219128277959722305    -3674385684971389153                 6479798
     -218989730904687937    -8286071703935649985                 6479862
     -434746914803025217    -8284945803626154177                 6479798
     -434740455172228433    -3673259785198764129                 6741942
     -434740317750117697    -3668756185571395777                 6479862
     -434740317733340417    -3673259785198766273                 6475766
     -434738256149038401    -3673259785198764257                 6479862
     -254596315458585921    -8286071651859169505                 6479862
     -219130537112520001    -3674385633431783553                 6479798
     -219130468393043265    -2521464180364542177                 6479782
     -219130468393043201    -3674385684971389153                 6463414
     -219130468392584513    -3674385684971389153                 6479860
     -219128819125667137    -3674385684971389153                 6479862
     -434741417244968257    -3673259785198764193                 6479862
     -434740317733340481    -3655245335149676737                 6479606
     -434740317733324097    -3655245386689282273                 6479542
     -434740317733274945    -3655245386689284289                 6479542
     -434740317733274881    -3673259785198766273                 6475702
     -434740317733258561    -8284945752086546625                 6479798
     -434740317732816193     5550112303195619103                 6479862
     -434740317732750689    -3673259785198766273                 7004054
     -434738118710084961    -3673259785198766305                 7004150
     -434738118709495105    -3673259785198766281                 6479766
     -219130537112585537    -3674385684971391105                 6479862
     -219130468393108801    -3674385427273353409                 6479862
     -219130468393108801    -3638356887952949473                 6479862
     -219130468393043201    -3674385684971391169                 6475702
     -434746914803107073    -3673259785198764257                 6479798
     -434746914803025217    -8284945803626152161                 6479798
     -434740317733274961    -3673259733659156705                 6741942
     -434740317732750673    -3673259785198764257                 6741910
     -434599580244919617    -3673259785735637185                 6479798
     -254596315458585921    -8286071703398777057                 6479862
     -254596315458127169    -3674385684971391169                 6479830
     -219130468393108801    -3674385684971389123                 6479862
     -434740644150789441    -3673259785198766209                 6479798
     -434740455172228417    -3673259785198766145                 6479798
     -434740455172228417    -3673259785198764129                 6479798
     -434740317733340513    -3673259733659156705                 7004150
     -434740317733324097    -3673259733659156705                 6479606
     -434740317733274945    -3673259733659158721                 6479798
     -434740317732799809    -3673259785198766273                 6479574
     -434740317732799809    -3673259785198764257                 6479604
     -434738118710084929    -3673259785198766305                 6479862
     -219137065462875457    -3674385684996554977                 6479862
     -219137065462809857    -3674385684971389153                 6463414
     -219130537112520001    -3674385684971391105                 6479798
     -219130476982977857    -3674385633431781569                 6479798
     -219130468393370945    -3656371286461909185                 6479862
     -219130468393108929    -3674385684971389153                 6488054
     -219130468393043297    -8286071651859169505                 7004150
     -435303250506892609    -3674385684971389153                 6479862
     -434746914803107137    -3673259785198764737                 6479862
     -434740455172293985    -3673259785198764129                 7004150
     -434740317733324097    -3673259733659156705                 6479798
     -434740317733324033    -3673259785198764257                 6479542
     -434740317733274947    -3673259785198766273                14868406
     -434740317733258561    -8284945803626154177                 6479606
     -434740317733258561    -8284945752086544609                 6479798
     -254596315458651457    -3674385684996554977                 6479862
     -219130468393108817    -3674385684971389153                 6742006
     -219130468393108801    -3674385684971389633                 6479862
     -219130468393108801    -3674385684971389153                 6455286
     -219130468393108801    -3674383485981690049                 6479862
     -219130468393108545    -3674385684971651297                 6479862
     -219130468393043265    -3674385684996556993                 6479798
     -219130468392518977    -3674385684971389153                 6479670
     -219128269369853249    -3674385684971391171                 6479862
     -434746914803107169    -3673259785198766273                 7004150
     -434740584021312833    -3673259785198764225                 6479862
     -434740455172293953    -3673259733659156577                 6479862
     -434740326323209553    -3673259785198764225                 6741942
     -434740317741188417    -3673259785198764257                 6479606
     -434740317741139265    -3673259785198766273                 6479798
     -434740317733602625    -2520338280591917281                 6479862
     -434740317733340993    -3673257586175510721                 6479862
     -434740317733340497    -3673259785198766273                 6742006
     -434740317733340481    -3655245386689282273                 6479606
     -434740317732799809    -3673259785198766273                 6479604
     -434738118710019393    -3673259733659156713                 6479798
     -434738118709560641     5550112251656009527                 6479862
     -254594116435395905    -3674385684971389161                 6479862
     -219139264486131009    -3674385684971389153                 7004150
     -219130605831996737    -8286071703398776929                 6479862
     -219130476982977857    -3674385684971389121                 6479798
     -219130468393108801    -3656371286462169313                 6479862
     -219130468393043393    -3638356887952427201                 6479798
     -434741417244968257    -3673259785198766209                 6479862
     -434740386452817217    -3673259733659156641                 6479862
     -434740326323275073    -3673259785198764225                 6479862
     -434740317733340609    -3673259785198766273                 6488054
     -434740317733340481    -3655245386689282273                 6479798
     -434740317733307713    -3637230988179800289                 6479798
     -434740317732816195    -3673259785198764257                14868438
     -434738118709495105     5550112251656009503                 6479798
     -254596315458651457    -3674385684996556993                 6479862
     -219137065462809921    -3674385684971389153                 6479798
     -219130468395140417    -3674385684971391169                 6479806
     -219130468393092417    -8286071703398777057                 6479862
     -219130468393026881    -3674385684971391169                 6479782
     -434740317766894913    -3664252585944025281                 6479862
     -434740317737534785    -3673259785198764257                 6479863
     -434740317733258561    -8284945803626152161                 6479606
     -434740317732816195    -3673259785198764257                14868468
     -434738118710084961    -3673259785198766281                 7004150
     -434738118710003009    -3673259785198766305                 6479542
     -254602912528418113    -3674385684971389153                 6479862
     -219137202901763393    -3674385684971391041                 6479798
     -219130605832062273    -3674385633431781569                 6479862
     -219130537112585569    -3674385684971391105                 7004150
     -219130468393141569    -3638356887952427201                 6479862
     -219130468393092353    -3674385684971389153                 6463222
     -219130468393043265    -3674385633431781601                 6479798
     -219130468393026881    -8286071651859169505                 6479798
     -219128406808741185    -8286071703398778953                 6479862
     9004241568461667007    -3674385684971389121                 6479862
     -434746914802582849     5550112251656011551                 6479862
     -434740317733324097    -3673259785198766273                 6479846
     -434740317732816209    -3673259785198764257                 6741974
     -434740317732750673    -3673259785198766273                 6741940
     -434738118709560641     5550112251656009503                 6479862
     -254596315458651489    -3674385684971389153                 7004150
     -219130468395140417    -3674385684971389153                 6479806
     -219130468393108801    -3674376888911921377                 6479862
     -219130468393026881    -3674385684971389153                 6479782
     -219130468392584641    -3674385684971391169                 6479862
     -867085881960908097    -3673259785198766273                 6479862
     -434746914803107139    -3673259785198766273                14868470
     -434740326322750785    -3673259785198764225                 6479830
     -434740317737469249    -8284945803626154177                 6479863
     -434740317733340481    -3655245386689284289                 6479798
     -434740317733274945    -3673259785198766273                 6479798
     -434740317733274945    -3673259785198764227                 6479798
     -434740317733274945    -3673259716479289793                 6479798
     -434740317732734273    -3673259785198764257                 6479510
     -434738118710003009    -3673259785198766281                 6479542
     -255018527923651905    -3674385684971389153                 6479798
     -219130605834093889    -3674385684971391041                 6479806
     -219130537112585473    -3674385684971389089                 6463478
     -219130468527326529    -3672133885157705921                 6479862
     -219130468409886017    -3669882085344020673                 6479862
     -219130468409820481    -3669882085344018657                 6479798
     -219130468397237569    -3674385684971391169                 6479862
     -219130468393108737    -3674385684971391169                 6479798
     -219130468393043297    -8286071703398777057                 7004150
     -219130468393043297    -3674385633431783617                 7004086
     -219130468393043265    -3674385684971389153                 6479798
     -434740455172228417    -3673259733659158593                 6479798
     -434740317766894913    -3664252585944023265                 6479862
     -434740317733340513    -3673259785198764257                 7004150
     -434740317733324097    -3673259785198764257                 6479798
     -434740317732816193    -3673259785223930081                 6479830
     -219131018148857153    -3674385684971391041                 6479798
     -219130537112061249    -3674385684971389089                 6479860
     -219130468400907585    -8286071703398779073                 6479862
     -219130468393108801    -3665378485716650209                 6479862
     -219130468393108801    -2521464180364544193                 6479846
     -219130468393096513    -3674385684971389153                 6479862
     -219130468393092433    -3674385684971391169                 6741750
     -219130468393092353    -3674385684971391169                 6463222
     -219130468393026881    -8286071651859171521                 6479798
     -219128269369853265    -3674385684971391177                 6742006
     -219128269369787729    -3674385684971391201                 6741942
     -219128269369787713    -3674385684971389665                 6479798
     -218567535619032385    -3673259785198764257                 6479830
     -435303250506827073    -3674385684971389153                 6479798
     -434740317733340483    -3673259733659156705                14868470
     -434740317733340225    -3673259785199026401                 6479862
     -434738118710019393    -3673259785198764265                 6479798
     -219130605831996737    -3674385633431781569                 6479798
     -219130468395140417    -3674385684971391169                 6479791
     -219130468393108801    -3638356887952427201                 6479830
     -219130468393043265    -8286071703398777057                 6479847
     -219130468393043265    -8268057304889295073                 6479798
     -219130468392518977    -3674385633431783617                 6479766
     -218567535619032385    -3673259785198766273                 6479830
    -1299431703886513473    -3673259785198764257                 6479862
     -434740712870331713    -3673259785198764129                 6479862
     -434740386452817217    -3673259733659158657                 6479862
     -434740317733340481    -3673259785198764257                 6479862
     -434740317733324129    -3673259785198764257                 7003894
     -434740317733274945    -3673259785198764257                 6479798
     -255018527923717441    -3674385684971389153                 6479862
     -219139264486131009    -3674385684971391169                 7004150
     -219130674551539009    -3674385410094532609                 6479862
     -219130469466785025    -3674385684971391169                 6479798
     -219130468397237569    -3674385684971389153                 6479862
     -219130468393112833    -3674385684971391169                 6479862
     -219130468393092417    -3674385684971389153                 6479606
     -219130468392584513    -3674385684971389153                 6479830
     -219128406808806721    -3674385684971389153                 6479862
     -434746914803107137    -3673259785198764257                 6479847
     -434746914803041601    -8284945803626152161                 6479862
     -434746914802582849     5550112251656009535                 6479862
     -434740386452227393    -3673259785198764193                 6479766
     -434740317737469249    -3673259785198764257                 6479799
     -434740317733324097    -3673259785198764257                 6479846
     -434740317733274977    -3673259785198764257                 7004086
     -219130605832062273    -3674385684971389121                 6479862
     -219130605831996737    -3674385684971389121                 6479798
     -219130469466850625    -3674385684971389153                 6479863
     -219130468393108801    -3674385684971653313                 6545398
     -219130468393092417    -3674385633431783617                 6479846
     -219130468393092417    -3674383485981690049                 6479606
     -219130468393043265    -8286071703398777027                 6479862
     -219130468392584513     5548986403422992191                 6479862
     -434746914803107137    -8284945803626154177                 6479863
     -434746914803107137    -3673259785198764257                 6479862
     -434740386452227393     5550112251656009599                 6479798
     -434740317733339457    -3673259785198766273                 6479606
     -434740317732816129    -3673259785198766273                 6463446
     -254596315458651457    -3674385633431781601                 6479862
     -219130472688010561    -3674385684971391105                 6479798
     -219130468400973121    -3674385684971389153                 6479862
     -219130468393092417    -3674385633431781601                 6479606
     -219130468392518977    -3674385633431781601                 6479766
     -218567673058510145    -3673259785198766145                 6479862
    -1299431703886513473    -3673259785198766273                 6479862
     -434747172501079361    -3673259785198764257                 6479798
     -434740386452751681    -8284945803626154113                 6479862
     -434740317733537089    -2520338280591919297                 6479798
     -434740317733373249    -3637230988179802305                 6479862
     -434740317733340515    -3673259785198764257                15392758
     -434740317733340481    -3673259785198766273                 6479862
     -434740317733340481    -2520338280591919297                 6479846
     -434738127299953985    -3673259785198764257                 6479798
     -254602912528352577    -3674385684971391169                 6479798
     -254594116435395905    -3674385684971391201                 6479862
     -219130605839926593    -3674385684971391041                 6479862
     -219130605831996737    -3674385633431781473                 6479798
     -219130468395205953    -3674385684996554977                 6479870
     -219130468393043393    -3674385684971391169                 6487990
     -219130468393043297    -3674385684971391169                 7004086
     -219130468393043265    -3674385633431783617                 6479798
     -434746914803107137    -3673259785198766273                 6479847
     -434740386452817249    -3673259785198764193                 7004150
     -434740317741188417    -3673259785198766273                 6479606
     -434740317737469249    -3673259785198766273                 6479799
     -434740317733274945    -2520338280591917281                 6479542
     -434740317732816129    -3673259785198764257                 6463446
     -434740317732750657    -3673259785198766273                 6479796
     -434740317732750657    -3673259733659156705                 6479796
     -434599580244919617    -3673260334954578145                 6479798
     -254596315458651393    -3674385684971389153                 6463478
     -219137065464972609    -3674385684971389153                 6479870
     -219137065462809921    -3674385684971391169                 6479798
     -219130605831537985    -3674385684971391041                 6479860
     -219130605831537985     5548986351883386783                 6479862
     -219130605831472449     5548986351883384767                 6479798
     -219130476985140545    -3674385684971389121                 6479870
     -219130468426663233    -3665378485716650177                 6479862
     -219130468393043281    -3674385684971391169                 6741942
     -219130468392584513    -3674385684971915457                 6479862
     -219130468392584513     5548986351883384639                 6479862
     -435162530198406465    -3673259785198764257                 6479862
     -434746914803107137    -3673259733659158721                 6479862
     -434746914803025217    -3673259785198766273                 6479542
     -434740386452817233    -3673259785198766209                 6742006
     -434740317750117697    -3668756185571393761                 6479862
     -434740317733340481    -3637230988179800289                 6479830
     -434740317733340417    -3673259785198766273                 6479606
     -434740317733328193    -3673259785198766273                 6479862
     -434740317733274977    -3673259733659158721                 7004086
     -434740317732816193    -3673259785198766273                 6479845
     -434738118710084929    -3673286173477832929                 6479862
     -434738118710084929    -3673259733659158729                 6479862
     -254596315458585921    -3674385633431783617                 6479798
     -219165652765197633    -3674385684971389121                 6479862
     -219130605831996753    -8286071703398776929                 6742006
     -219130537112585553    -3674385684971389089                 6742006
     -219130468409820481    -8281568103771408577                 6479862
     -219130468393108801    -3674385684971389153                 6479799
     -219130468393043265    -3674385701882824897                 6479798
     -219130468393043265    -3674385684971389633                 6479798
     -434746914803107137    -3673259785223932097                 6479862
     -434740592611247425    -3673259785198766209                 6479862
     -434740455172277569    -3673259785198766145                 6479606
     -434740455171769665    -3673259785198766145                 6479830
     -434740317733340481    -2520338280591917281                 6479846
     -434740317733274945    -3673259733659156705                 6479798
     -434740317733258561    -3673259733659158721                 6479542
     -434740317732750657    -3673259785198764257                 6479796
     -434738118710084929    -3673259785223932105                 6479862
     -290625129791702337    -3673259785198764257                 6479862
     -219130468400973121    -3674385633431783617                 6479862
     -219130468397237569    -8286071703398777057                 6479863
     -219130468393108801    -3674385684971391169                 6545394
     8788631719121435327    -3673259785198764225                 6479862
     -434746914803107073    -3673259785198766273                 6479798
     -434746914803025217    -3673259785198764257                 6479542
     -434740575431312721    -3673259785198764257                 6741942
     -434740575430788417     5550112251656011551                 6479798
     -434740317733340481    -3673250989139296481                 6479862
     -434740317733324113    -3673259785198764257                 6741750
     -434740317732750673    -3673259785198766273                 6741910
     -434599580244919617    -3673260334954580161                 6479798
     -254596315458585921    -8286071703398779073                 6479862
     -254596315458127169    -3674385684971389153                 6479830
     -219130468393026897    -8286071703398779073                 6741750
     -219130468392518977    -8286071703398779073                 6479830
     -218989730904753473    -3674385684971391177                 6479862
     -434740575431378177    -3673259785198766273                 6479798
     -434740386452751681    -3673259733659158657                 6479798
     -434740317733274945    -8284945752086544609                 6479862
     -434740317733258561    -3673259733659156705                 6479542
     -434740317732816209     5550112251656011551                 6742006
     -434740317732750689    -3673259785198764257                 7004054
     -254596384178128193    -3674385684971391105                 6479862
     -254596315458651457    -3674385684971389153                 6479862
     -219131018148922689    -3674385684971391041                 6479862
     -434740575435572545    -3673259785198766273                 6479863
     -434740317733324097    -3655245386689284289                 6479542
     -434740317733274945    -3673259733659158721                 6479783
     -434738118710084929    -3673259785198766305                 6479847
     -254594116435330369    -3674385684971391177                 6479798
     -219130605831996737    -3673822735017969857                 6479798
     -219130468400973121    -3674385633431781601                 6479862
     -219130468395205953    -3674385684971391169                 6479870
     -219130468393108819    -3674385684971391169                15130614
     -219130468393108803    -3674385633431783617                14868470
     -219130468393043265    -3674385684971456705                 6545334
     -219128269369787745    -3674385684971391201                 7004086
     -147072874422224193    -3674385684971391169                 6479798
     -434740575431312705    -3673259733659156705                 6479798
     -434740575430853953     5550112251656009535                 6479862
     -434740575430788417     5550112251656009535                 6479798
     -434740455171704129    -3673259785198764129                 6479766
     -434740317733340481    -3673259785198766273                 6455286
     -434740317733324097    -3673259785198764257                 6479591
     -434740317733274945    -3673259785198766273                 6479783
     -434599580244985153    -3673260334954578145                 6479862
     -254596315458585921    -8286071651859171521                 6479862
     -219137065464907073    -3674385684971389153                 6479806
     -219130468395205953    -3674385633431783617                 6479870
     -219130468393108803    -3674385684971391169                14868470
     -219130468393108801    -3674376888878366945                 6447094
     -219130468393043281    -8286071703398777057                 6742006
     -219130468392584515    -3674385684971391169                14868438
     -219130468392518977    -8286071703398777057                 6479830
     -219130468392518977    -3674385684971391169                 6479766
     -219130468392518977     5548986403422994207                 6479798
     -219128277959722305    -3674385684971391169                 6479798
     -218574132689323329    -3673259785198766273                 6479862
     -435162530198340929    -3673259785198766273                 6479798
     -434746914803041603    -3673259785198766273                14868406
     -434740455172293953    -3673259785198764225                 6479862
     -434740455172228417    -3673259785198764225                 6479798
     -434740386452751681    -3673259785198766209                 6479798
     -434740386452227393    -3673259785198766209                 6479766
     -434740317733275073    -3637230988179800289                 6479798
     -434740317733274945    -1367416775985070305                 6479766
     -434740317732816209     5550112251656009535                 6742006
     -434738376408122689    -3673259785198766305                 6479862
     -219130476983043393    -3674385633431781569                 6479862
     -219130468393043265    -3638356887952425185                 6479286
     -219130468392518993    -3674385684971391169                 6741910
     -434746914803107137    -3655245386689282273                 6479606
     -434740575431378273    -3673259785198766273                 7004150
     -434740455172228449    -3673259785198766145                 7004086
     -434740317733340481    -3673259785198764257                 6455286
     -434740317733274945    -3673286173477832897                 6479798
     -434740317733258577    -3673259785198766273                 6741686
     -219130614421996865    -3674385684971388993                 6479862
     -219130468393043281    -3674385633431781601                 6741942
     -219130468393043265    -3674385684971391169                 6455222
     -218567518439687489    -3674385684971391201                 6479862
     -218567518439621953    -3674385684971391201                 6479798
     9004243767484922559    -3674385684971389153                 6479862
     -434746914803041603    -3673259785198764257                14868406
     -434746914803041601    -3673259785223932097                 6479798
     -434746914803041601    -3673259785198764257                 6479798
     -434740455172293985    -3673259785198766145                 7004150
     -434740317733275073    -3637230988179802305                 6479798
     -434740317732816193     5550112303195617087                 6479862
     -434740300553471297    -3673259785198764257                 6479798
     -434738118710084945    -3673259785198766281                 6742006
     -434738118710019393    -3673259785198766305                 6479798
     -434599580244985169    -3673259785735637185                 6742006
     -219137065462285633    -3674385684971391169                 6479766
     -219130605831996737    -8286071703398777025                 6479862
     -219130605831472449    -3674385684971391041                 6479766
     -219130537112585553    -3674385684971391105                 6742006
     -219130476982977857    -3674385684971389025                 6479798
     -219130468393108833    -3674385633431781601                 7004150
     -219130468393092417    -3674385684971391169                 6478838
     -219130468392518977    -3674385684971389153                 6479766
     -218989730904753473    -3674386234727203041                 6479862
     -218574132689323329    -3673259785198764257                 6479862
     -795589021673276737    -3674385684971389153                 6479862
     -434746914803107153    -3673259785198764257                 6742006
     -434740317733274945    -8284945803626152161                 6479862
     -434740317733274945    -3637230988179800289                 6479286
     -434740317733258561    -3673259785198764257                 6479542
     -434740317732750593    -3673259785198764257                 6463382
     -434738127300019521    -3673259785198764233                 6479862
     -254596315458651457    -3674385684971391169                 6479862
     -219130605834159425    -3674385684971391041                 6479870
     -219130468426597697    -3665378485716648161                 6479798
     -219130468393043281    -8286071703398779073                 6742006
     -867085881960842561    -3673259785198764257                 6479798
     -434746914803107137    -3655245386689284289                 6479606
     -434740317733340417    -3673259733659158721                 6479798
     -434740317732816193     5550112251656009535                 6479862
     -219130605832062275    -3674385684971391041                14868470
     -219130605832062273    -3674385684971388995                 6479862
     -219130605832045889    -3674385684971391041                 6479606
     -219130605831996737    -3673822735017967841                 6479798
     -219130468393108833    -3674385684971389153                 7004150
     -219130468393043393    -8286071703398779073                 6488054
     -219130468393043281    -3674385633431783617                 6741942
     -219128269369787713    -3674385684971391171                 6479798
     -470766915728983361    -3673259785198764257                 6479798
     -434740575430788417    -3673259785198764257                 6479766
     -434740317867558209    -3671007985385081025                 6479862
     -434740317733274945    -3673259785198766273                 6455222
     -434738118709560641    -3673259785198766281                 6479860
     -219137065462809921    -3674385684971389633                 6479798
     -219130605831996769    -3674385684971389025                 7004086
     -219130605831537985    -3674385684971391041                 6479830
     -219130468393108801    -3674385684971389153                 6545394
     -219130468393108545    -3674385684971653313                 6479862
     -218567535619491137    -8284945803626154177                 6479862
     -434746914803107137    -3673259733659156705                 6479862
     -434740575431312721    -3673259785198766273                 6741942
     -434740575431312705    -3673259785198764257                 6479798
     -434740317733340481    -3673259527500728513                 6479862
     -434740317733340481    -3673250989139298497                 6479862
     -434740317733324113    -3673259785198766273                 6741750
     -434740317733274977    -3673259733659156705                 7004086
     -434740317733258561    -3673259785198766273                 6479542
     -434738376408057153    -3673259785198766305                 6479798
     -434606177314751809    -3673259785735635169                 6479862
     -219137202901828929    -3674385684971389025                 6479862
     -219130476983043393    -3674385684971389121                 6479862
     -219130469466850625    -3674385684971391169                 6545398
     -219130468426597697    -3665378485716650177                 6479798
     -219130468397237569    -8286071703398779073                 6479863
     -219130468393043265    -8286071703398777057                 6479862
     -219130468393043265    -3674385633431782081                 6479798
     -219130468393043265    -1368542675757695201                 6479766
     -219128277959787841    -3674385684971389153                 6479862
     -434746914810905921    -3673259785198766273                 6479798
     -434746914803107137    -3673259785223930081                 6479862
     -434740386452800833    -3673259785198764193                 6479606
     -434740317733328193    -3673259785198764257                 6479862
     -434740317733274945    -3673250989139296481                 6479798
     -434740317733274881    -3673259785198766273                 6463414
     -434740300553471297    -3674385685105608897                 6479862
     -254596315458585921    -3674385684971391169                 6479798
     -219130605831996753    -3674385684971391041                 6741942
     -219130468397303105    -3674385684971389153                 6479863
     -219130468393043281    -3674385684971389153                 6741942
     -219130468393043265    -3674385684971391169                 6479783
     -435162530198406465    -3673259785198766273                 6479862
     -434746914803107073    -3673259785198766273                 6479606
     -434740575430788417    -3673259785198766273                 6479766
     -434740386452292929    -3673259785198764193                 6479830
     -434740318807016705    -3673259785198766273                 6479798
     -434740318269687105    -3673259785198766273                 6479862
     -434740317733340481    -3637230988179802305                 6479830
     -434738118710019393    -3673259733659158753                 6479798
     -254596315458127169    -3674385684971389153                 6479860
     -219137065462809921    -3674385633431783617                 6479798
     -219130537112585537    -3674385684996556929                 6479862
     -219130537112061249    -3674385684971391105                 6479830
     -219130476983043393    -3674385684971389025                 6479862
     -219130468393370945    -2521464180364542177                 6479862
     -219130468393108737    -3674385684971389153                 6475766
     -219130468393043393    -3674385684971389153                 6487990
     -219130468393043265    -8286071651859169505                 6479862
     -219130468392518977    -8286071703398779073                 6479860
     -219130468392518977     5548986351883384639                 6479798
     -434746914803041601    -3673259733659156705                 6479798
     -434738118710084929    -3673259785198764265                 6479862
     -434738118710019393    -3673259785223932105                 6479798
     -254596315458651457    -3674385633431783617                 6479862
     -219131567904736577    -3674385684971389089                 6479862
     -219130605832062209    -3674385684971391041                 6463478
     -219130472688076097    -3674385684971389089                 6479862
     -219130468393108817    -3674385701882822881                 6742006
     -219130468393108801    -3674385701882824897                 6479862
     -219130468393092417    -3674385684971389153                 6479798
     -219128277959787841    -3674385684971391169                 6479862
     -219128269369787729    -8286071703398779105                 6742006
     -434740712870266177    -3673259785198764129                 6479798
     -434740317733537089    -2520338280591917281                 6479798
     -434740317733340417    -3673259785198766273                 6479798
     -434740317733274961    -3673259785223930081                 6741942
     -434740317733274881    -3673259785198764257                 6463414
     -434740317733258593    -3673259785198764257                 7003830
     -434738118710084929    -3673259785198764769                 6479862
     -219137065462875473    -3674385684971391169                 6742006
     -219137065462809921    -8286071703398777057                 6479862
     -219137065462351169    -3674385684971389153                 6479830
     -219137065462351169     5548986351883384639                 6479862
     -219130605831996769    -3674385684971391041                 7004086
     -219130605831996737    -3674385684971389025                 6479798
     -219130545702454593    -3674385684971389057                 6479798
     -219130476982977857    -8286071703398777025                 6479862
     -219130468393108545    -3674385686045132993                 6479862
     -219130468393043297    -3674385684971389153                 7004086
     -219130468393043265    -3674385684971653313                 6545334
     -219130468393043265    -3674385684971391169                 6479798
     -651476032620610881    -3674385684971389153                 6479798
     -434747172501144897    -3673259785198766273                 6479862
     -434746914807301441    -3673259785198764257                 6479863
     -434746914803107137    -3673259785198766273                 6479862
     -434740575431312737    -3673259785198766273                 7004086
     -434740386452817233    -3673259785198764193                 6742006
     -434740317733324129    -3673259785198766273                 7003894
     -434740317733274945    -3673259785198764737                 6479798
     -434740317732799809     5550112251656011551                 6479606
     -434738376408122689    -3673259785198766281                 6479862
     -434738118710084929    -3673259785198766281                 6479862
     -219137202901828929    -3674385684971391041                 6479862
     -219131018148922689    -3674385684971389025                 6479862
     -219130469466850625    -3674385684971391169                 7528438
     -219130468409886017    -3669882033804413121                 6479862
     -219130468400973121    -3674385684971391169                 6479862
     -219130468393092417    -3674385684971391169                 6479846
     -219130468393043265    -8286071703423944897                 6479862
     -219130468392584513    -3674385633431781601                 6479830
     -219130468392518977    -8286071703398777057                 6479860
     -219130468392518977     5548986351883386655                 6479798
     -219128406808806721    -3674385684971391169                 6479862
     -219128406808806721    -3674385684971391049                 6479862
     -434746914803041601    -3673259785198766273                 6479783
     -434740386452817249    -3673259785198766209                 7004150
     -434740317733274977    -3673259785198766273                 7004086
     -255157066388751681    -3674385684971391169                 6479798
     -254594116435330369    -8286071703398779081                 6479862
     -219130605831996753    -3674385684971389025                 6741942
     -219130537112585569    -3674385684971389089                 7004150
     -219130537112520001    -8286071703398779009                 6479862
     -219130468395205969    -3674385684971391169                 6742014
     -219130468393108801    -3674385684971651297                 6545398
     -219130468393108801    -3674385684971389129                 6479862
     -219130468393108737    -3674385684971391169                 6479606
     -219130468393026881    -8286071703398779073                 6479543
     -219128269369853185    -3674385684971391177                 6463478
     -147072874422289729    -3674385684971391169                 6479862
     -434746914802582849    -3673259785198766273                 6479860
     -434740317733340483    -3673259785198766273                14868470
     -434740317733340481    -3673259733659158721                 6479862
     -255018527923717441    -3674385684971391169                 6479862
     -219130476983043393    -3674385684971391041                 6479862
     -434747172501144897    -3673259785198764257                 6479862
     -434746914803107169    -3673259785198764257                 7004150
     -434740455171704129    -3673259785198766145                 6479766
     -434740317737469249    -8284945803626152161                 6479863
     -434740317735437633    -3673259785198766273                 6479870
     -434740317733340497    -3673259733659158721                 6742006
     -434740317732799809     5550112251656009535                 6479606
     -434738376408122689    -3673259785198764265                 6479862
     -219131567904736577    -3674385684971391105                 6479862
     -219130605836191041    -3674385684971391041                 6479862
     -219130605832062289    -3674385684971389025                 6742006
     -219130468393108801    -3638356887952425185                 6479830
     -219130468393043297    -8286071703398779073                 7004150
     -867085881960908097    -3673259785198764257                 6479862
     -434746914803107073    -3673259785198766273                 6463478
     -434740575431378257    -3673259785198764257                 6742006
     -434740455172293969    -3673259785198766145                 6742006
     -434740455172293953    -3673259785198764129                 6479862
     -434740317732816225    -3673259785198764257                 7004148
     -434740317732816209    -3673259785198766273                 6741974
     -434740317732750657    -3673259785199290561                 6479798
     -254596324048586049    -3674385684971389121                 6479862
     -254596315458585923    -3674385684971391169                14868406
     -219130537112520001    -8286071651859171457                 6479862
     -219130472688076097    -3674385684971391105                 6479862
     -219130468393108817    -3674385427273353409                 6742006
     -219130468393108801    -2521464180364542177                 6479846
     -219130468393108737    -3674385633431783617                 6479798
     -219130468393043265    -3674385684971391169                 6479846
     -219130468392584641    -3674385684971389153                 6479862
     -219128277959722305    -3674385684971389129                 6479798
     -219128269369853185    -3674385684971389161                 6463478
     -219128269369787713    -3674385633431783649                 6479798
     -218989799624230209    -3674385685508262017                 6479862
     -218989730904753473    -3674385684971391201                 6479862
     -651476032620610881    -3674385684971391169                 6479798
     -434740317733340481    -3673259733659156705                 6479862
     -434740317733324097    -3673259785223930081                 6479606
     -434740317733274945    -3673259785223932097                 6479798
     -434740317733258561    -3673259785198766273                 6479782
     -434740317732816193    -3673259785198764257                 6479830
     -434738668465833281    -3673259785198764257                 6479798
     -254596315460748609    -3674385684971391169                 6479870
     -219137065462875393    -3674385684971391169                 6479798
     -219130468409820481    -3669882085344020673                 6479798
     -219130468393108929    -3638356887952425185                 6479862
     -219130468393108817    -3674385633431781601                 6742006
     -219130468393108801    -3674385633431782081                 6479862
     -219130468393092417    -3674385684971389153                 6479846
     -219130468393043297    -3674385633431781601                 7004086
     -219130468393043265    -8286071703398777537                 6479862
     -219128338089329985    -3674385684971391113                 6479862
     -219128277959722305    -8286071703398777057                 6479862
     -218989730904687937    -3674385685508262081                 6479798
     -218567535619491137    -3673259785198766273                 6479798
     -434740455172228433    -3673259785198766145                 6741942
     -434740386452817217    -3673259785198766209                 6479862
     -434740326323258689    -3673259785198764225                 6479606
     -434740317735437633    -3673259785198764257                 6479870
     -434740317733340481    -3673257586177607873                 6479862
     -434740317733324097    -3673259785198764257                 6479606
     -434738118710084929    -3673259733659158753                 6479862
     -434738118710068545    -3673259785198766281                 6479606
     -434738118709560641    -3673259785198766281                 6479830
     -254602912528418113    -3674385684971391169                 6479862
     -254596452897539393    -3674385684971389025                 6479798
     -254596315458651459    -3674385684971391169                14868470
     -254596315458585953    -3674385684971389153                 7004086
     -219137065462809921    -8286071703398779073                 6479862
     -219130468393108801    -3674376888911923393                 6479862
     -219130468393043265    -5980228694185085121                 6479830
     -219130468393026881    -8286071651859171521                 6479606
     -219128269369853249    -3674385684971389641                 6479862
     -434740317733340483    -3673259785198764257                14868470
     -434740317733340481    -3655245386689284289                 6479606
     -434740317733274945    -3673259733659157185                 6479798
     -434740317733274945    -3637230988179802305                 6479766
     -434740317733258561    -3673259785198764257                 6479782
     -434740317732734273    -3673259785198766273                 6479510
     -219130614421931329    -3674385684971388993                 6479798
     -219130537112585473    -3674385684971391105                 6463478
     -219130468409886017    -3669882085344018657                 6479862
     -219130468393108801    -3656371286462171329                 6479862
     -219128269369787713    -8286071703398779081                 6479862
     -219128269369787713    -3674385684971391201                 6479798
     -218567535619556673    -3673259785198766273                 6479862
     -435303250506892609    -3674385684971391169                 6479862
     -434746923392976193    -3673259785198764225                 6479798
     -434746914803090753    -8284945803626154177                 6479862
     -434740712870331713    -3673259785198766145                 6479862
     -434740317733340481    -3673257586177605857                 6479862
     -434740317733340481    -2520338280591919297                 6479606
     -434740317733307713    -3637230988179802305                 6479798
     -434740317732816195    -3673259785198766273                14868438
     -434740317732816129     5550112251656009535                 6479606
     -434740317732750657    -3673259785198766273                 6479751
     -254596315458635073    -3674385684971391169                 6479798
     -254594116435395905    -3674385684971391177                 6479862
     -219137065462809921    -3674385633431781601                 6479798
     -219130605832062273    -3674385684971389505                 6479862
     -219130537112585537    -3674385633431783553                 6479862
     -219130468393108801    -3674385684971391169                 6455286
     -219130468393108737    -3674385684971391169                 6475766
     -219130468393043265    -8286071651859171521                 6479862
     -219128269369787649    -3674385684971391177                 6463414
     -218989730904753473    -3674385685508260065                 6479862
     -218989730904687937    -3674385685508260065                 6479798
     -434740455172293953    -3673259785198766145                 6479862
     -434740317733340483    -3673259733659158721                14868470
     -434740317733340481    -3673259802110200001                 6479862
     -434740317733258561    -8284945803626152161                 6479798
     -434740317732816225     5550112251656011551                 7004150
     -434740317732799809    -3673259785198764257                 6479574
     -219130605832062275    -3674385684971389025                14868470
     -219130476983043329    -3674385684971389121                 6463478
     -219130472688010561    -8286071703398779009                 6479862
     -219130468393043393    -3638356887952425185                 6479798
     -219130468393043265    -3674385684971389123                 6479798
     -470766915729048897    -3673259785198766273                 6479862
     -434747172501128513    -3673259785198766273                 6479606
     -434747172500620609    -3673259785198766273                 6479830
     -434740575431361857    -3673259785198764257                 6479606
     -434740575431312705    -3673259785198766273                 6479798
     -434740575430853953    -3673259785198764257                 6479830
     -434740326322685249    -3673259785198764225                 6479766
     -434740317733324033    -3673259785198766273                 6479542
     -434740317733274947    -3673259785198764257                14868406
     -434740317732816193    -3673259733659158721                 6479860
     -434740300553471297    -3673259785199026401                 6479862
     -219137065462875393    -3674385684971389153                 6463478
     -219130605831996737    -8286071703398778945                 6479862
     -219130537112520017    -3674385684971391105                 6741942
     -219130468460217665    -3673259785064548545                 6479862
     -219130468393043297    -8286071651859171521                 7004150
     -219130468393043265    -8286071703398779073                 6479862
     -219130468393043265    -3674385633456949441                 6479798
     -219130468393043265    -3638356887952427201                 6479766
     -219130468393043265    -1368542675757697217                 6479766
     -219130468393043201    -8286071703398779073                 6479606
     -218567535619556673    -3673259785198764257                 6479862
     -470766915728983361    -3673259785198766273                 6479798
     -434740455172228417    -3672696835245344961                 6479798
     -434740386452817217    -3673259785198764193                 6479862
     -434740326323275073    -3673259733659156673                 6479862
     -434740317737534721    -3673259785198766273                 6479862
     -434740317733340481    -2520338280591917281                 6479606
     -434740317733340417    -3673259733659158721                 6463478
     -434740317733274945    -3673259785198764257                 6455222
     -434740317733274945    -3673259733659156705                 6479783
     -434738118710019409    -3673259785198766305                 6741942
     -219137065462351169    -3674385684971389153                 6479860
     -219130468393108833    -3674385701882824897                 7004150
     -219130468393108737    -3674385633431781601                 6463478
     -219130468392518977    -3674385684971913441                 6479798
     -218567535619032385     5550112251656011551                 6479862
     -434740575430853953    -3673259785198766273                 6479860
     -434740317766829377    -3664252585944023265                 6479798
     -434740317733340225    -3673259785215541473                 6479862
     -434740317733324097    -8284945803626152161                 6479862
     -434740317733274961    -8284945803626154177                 6742006
     -434740317733274961    -3673259733659158721                 6741942
     -434740317733274945    -3673259785198766273                 6479543
     -434740317733258561    -8284945803626154177                 6479798
     -434740317732816193    -3673259733659156705                 6479830
     -254596452897539393    -3674385684971391041                 6479798
     -219130537112503617    -8286071703398779009                 6479798
     -219130468400907585    -3674385684971391169                 6479798
     -219130468392584513    -3674385633431781601                 6479860
     -470766915729048897    -3673259785198764257                 6479862
     -434740317733340499    -3673259785198766273                15130614
     -434740317733340499    -3673259785198764257                15130614
     -434740317733274945    -8284945803626154177                 6479862
     -434740317732816193    -3673259785198764257                 6479734
     -434740317732799809    -3673259785198766273                 6479766
     -254596315458569537    -8286071703398779073                 6479606
     -254596315458127169     5548986351883384639                 6479862
     -219137202901763393    -3674385684971389025                 6479798
     -219137065462809953    -3674385684971389153                 7004086
     -219130743271015745    -3674385684971389089                 6479862
     -219130605832062273    -3673822735017967841                 6479862
     -219130605831996737    -8286071651859171393                 6479862
     -219130537112585537    -3674385633431781537                 6479862
     -219130468426663233    -3665378485716648161                 6479862
     -219130468393108801    -3674385427273351393                 6479862
     -219130468393108737    -3674385684971389153                 6463478
     -434746914803041601    -3673259785198764737                 6479798
     -434746914802582849    -3673259785198766273                 6479830
     -434740318807082305    -3673259785198764257                 6545398
     -434740317737534721    -3673259785198764257                 6479862
     -434740317733340481    -3637230988179802305                 6479350
     -434740317733274947    -3673259733659158721                14868406
     -434740317733258561    -3673259785198766273                 6479527
     -434738118709495105    -3673259785198766305                 6479766
     -254596315458569537    -8286071703398779073                 6479798
     -219130605832062273    -3674385684971389025                 6479862
     -219130605831980353    -8286071703398778945                 6479798
     -219130537112520001    -3674385633431781537                 6479798
     -219128819125667137    -3674385684971391169                 6479862
     -219128269369853249    -3674385684971391201                 6479862
     -218989730904753473    -3674385633968652513                 6479862
     -434740317766829377    -3664252585944025281                 6479798
     -434740317733274945    -3673286173477830881                 6479798
     -434738118710084929    -3673259785198766275                 6479862
     -434599580244985153    -3673259785735635169                 6479862
     -219137074052810049    -3674385684971389121                 6479862
     -219130605831980353    -8286071703398778945                 6479606
     -218989730904753473    -3674386234727205057                 6479862
     -435162530198340929    -3673259785198764257                 6479798
     -434740644150789441    -3673259785198764193                 6479798
     -434740317733340481    -3673259785223930081                 6479862
     -434740317733340481    -3673259785198766273                 6479607
     -434740317733340417    -3673259785198764257                 6463478
     -434740317733274961    -3673259785198764257                 6741942
     -434740317733274945    -2520338280591919297                 6479782
     -434740317732816193    -3673259785198766273                 6479860
     -434740317732799809    -8284945803626154177                 6479830
     -434740317732750659    -3673259785198766273                14868374
     -219130605832062209    -3674385684971391041                 6479798
     -219130605831996673    -3674385684971391041                 6463414
     -434740592611181889    -3673259785198766209                 6479798
     -434740575430853953    -3673259733659158721                 6479830
     -434740317733340481    -3673259785198766273                 6479799
     -434740317733340481    -3637230988179800289                 6479350
     -434740317733340417    -3673259785198766273                 6463478
     -434740317733275073    -3673259785198764257                 6487990
     -434740317733274945    -3673259785198764257                 6479783
     -434740317733274945    -2520338280591917281                 6479782
     -434740317733258561    -3673259785198764257                 6479527
     -434740317732816193    -3673259785198764257                 6479860
     -434740317732750659    -3673259785198764257                14868374
     -434740317732734273    -3673259785198764257                 6479540
     -219130537112520001    -3674385684971389089                 6479798
     -219130468393370945    -3656371286461907169                 6479862
     -219130468393108929    -3674385684971391169                 6488054
     -219130468393043393    -8250042906379815105                 6479862
     -219130468392518977    -3674385633431783617                 6479796
     -434746914810971457    -3673259785198766273                 6479862
     -434740317733274881    -3673259785198764257                 6479542
     -434738127300019553    -3673259785198764257                 7004150
     -434738118709560641    -3673259785198764265                 6479860
     -219130468393108817    -3674385684971391169                 6742006
     -219130468393108801    -3674385633456949441                 6479862
     -219128269369787713    -3674385684971391177                 6479798
     -147072874422224193    -3674385684971389153                 6479798
     -651476032620676417    -3674385684971391169                 6479862
     -434746914802582849    -3673259785198764257                 6479830
     -434740455172212033    -3673259785198766145                 6479542
     -434740317733340481    -8284945803626152161                 6479863
     -434740317733340481    -3673259733684324545                 6479862
     -434740317733274945    -8284945752086546625                 6479862
     -434738118709560641    -3673259785198766305                 6479830
     -434599580244985153    -3673259785735637185                 6479862
     -219130469466850561    -3674385684971391169                 6479862
     -219130468393305409    -2521464180364542177                 6479798
     -219130468393108849    -3674385684971391169                 7266294
     -219130468393043265    -3674385684971653313                 6479862
     -219130468392584545    -3674385684971391169                 7004118
     -219128406808806721    -3674385684971391073                 6479862
     -219128269369853265    -3674385684971391201                 6742006
     -434746914803041633    -3673259785198766273                 7004086
     -434740867489154369    -3673259785198764129                 6479862
     -434740575431378241    -3673259785198766273                 6479862
     -434740317733340497    -3673259785198764257                 6742006
     -434740317733340481    -1367416775985070305                 6479830
     -434740317733324033    -3673259785198764257                 6463222
     -434740317733274945    -3673250989139298497                 6479798
     -434740317732734273     5550112251656011551                 6479542
     -434599580244968769    -3673259785735637185                 6479606
     -254596452897604929    -3674385684971391041                 6479862
     -254596315458651473    -3674385684971391169                 6742006
     -254596315458585921    -3674385684971389153                 6479798
     -219130605832062273    -3674385633431781473                 6479862
     -219130468393108801    -3674385684971454689                 6545398
     -219130468393108801    -3674385684971389153                 6479847
     -219130468393108801    -1368542675757697217                 6479830
     -219130468393108737    -3674385684971391169                 6463478
     -219130468393092449    -3674385684971391169                 7003894
     -219130468392518977      937300333455996735                 6479862
     -434746914810971457    -3673259785198764257                 6479862
     -434740318807082241    -3673259785198764257                 6479862
     -434740317733340609    -3673259785198764257                 6488054
     -434740317733340481    -3673259785198764233                 6479862
     -434740317733340481    -3673259733659158721                 6479847
     -434740317733324097    -8284945803626154177                 6479862
     -434740317732816225    -3673259785198764257                 7004118
     -434740317732750657    -3673259785198766273                 6479766
     -434740317732734273    -8284945803626154177                 6479766
     -254596452897604929    -3674385684971389121                 6479862
     -219137065462875457    -3674385633431783617                 6479862
     -219130468400907585    -3674385684971389153                 6479798
     -219130468395205953    -3674385633431781601                 6479870
     -219130468393108737    -3674385684972439745                 6479862
     -219130468392584513    -3674385633431783617                 6479860
     -434740575431378241    -3673259785198764257                 6479862
     -434740575430853953    -3673259785198764257                 6479860
     -434740455172293953    -3673259785198764129                 6479847
     -434740317733340417    -3673259785198764257                 6479606
     -434740317733340417    -3673259733659156705                 6463478
     -434740317733258561    -3673259785223932097                 6479542
     -434740317732816193    -3673259733659158721                 6479830
     -434740300553405761    -3673259785199028417                 6479798
     -254596315458585921    -3674385633431781601                 6479798
     -219137065462859073    -3674385684971391169                 6479798
     -219137065462351169    -3674385684971391169                 6479860
     -219130468397237505    -3674385684971391169                 6479798
     -219130468393108803    -3674385633431781601                14868470
     -219130468393108737    -3674385633431783617                 6463478
     -434747172500620609    -3673259785198764257                 6479830
     -434740575431361857    -3673259785198766273                 6479606
     -434740318807016769    -3673259785198766273                 6545334
     -434740317737469249    -3673259785198764257                 6479862
     -434740317733324033    -3673259785198766273                 6463222
     -434740317733274945    -3655245386689282273                 6479542
     -434740317733274945    -2520338280591919297                 6479542
     -434740300553471297    -3673259785199028417                 6479862
     -254596315458651393    -3674385684971391169                 6463478
     -254594125025330497    -3674385684971389153                 6479862
     -219131567904671041    -3674385684971391105                 6479798
     -219130468393108801    -3674385684971391169                 6479847
     -219130468393108801    -3638356887952427201                 6479350
     -219130468393043267    -3674385633431783617                14868406
     -219130468392584513    -3674385684971913441                 6479862
     -219130468392584513     5548986351883386655                 6479862
     -219130468392518977      937300333455998751                 6479862
      -75015280451470657    -3674385684971389153                 6479862
     -434746914803107153    -3673259785198766273                 6742006
     -434746914803041601    -3655245386689282273                 6479542
     -434740575430853953    -3673259785198766273                 6479830
     -434740317732816193    -3673259733659156705                 6479860
     -434740317732750657    -3673259785198764257                 6479766
     -434738127299953985    -3673259785198766273                 6479798
     -434738127299495233    -3673259785198764257                 6479830
     -254602912528352577    -3674385684971389153                 6479798
     -254596324048520513    -3674385684971389121                 6479798
     -219137065462875393    -3674385684971391169                 6463478
     -219130605832062289    -3674385684971391041                 6742006
     -219130468393092417    -3674385633431783617                 6479798
     -219130468392584529    -3674385684971391169                 6741974
     -219128269369853281    -3674385684971391201                 7004150
     -434746923393041729    -3673259785198764225                 6479862
     -434746914803107265    -3673259785198766273                 6488054
     -434740644150854977    -3673259785198766209                 6479862
     -434740575431296321    -3673259785198766273                 6479542
     -434740386452751713    -3673259785198766209                 7004086
     -434740317750052161    -3668756185571395777                 6479798
     -434740317733340481    -3673286173477832897                 6479862
     -434738127300019537    -3673259785198764257                 6742006
     -254596452897604929    -3674385684971389025                 6479862
     -219137065462875457    -3674385684971389153                 6479862
     -219130605832062273    -3674385633431783489                 6479862
     -219130468393354561    -3674385684971391169                 6479862
     -219130468393108801    -3674385684996556993                 6479862
     -219130468393108801    -3674385633431781601                 6479862
     -219130468393108737    -3674385684971389633                 6463478
     -219130468393092417    -3674385633431783617                 6479606
     -219130468393026881    -3674385684971389153                 6479542
     -219130468392584513     5548986403422994207                 6479862
     -219128269369853249    -3674385684971389161                 6479862
     -218989730904753473    -3674385685508262081                 6479862
     -867092479030674753    -3673259785198766273                 6479862
     -434746914803041601    -8284945803626154177                 6479862
     -434740455172293889    -3673259785198766145                 6479798
     -434740317733340497    -3673259733659156705                 6742006
     -434740317733274945    -3637230988180326593                 6479798
     -219130469466785089    -3674385684971391169                 6479799
     -219128269369787713    -8286071703398777065                 6479862
      -75015280451470657    -3674385684971391169                 6479862
     -434740326323209537    -3673259785198764225                 6479798
     -434740322028307777    -3673259785198766209                 6479862
     -434740317733340481    -3673259785199028417                 6545398
     -434740317733340419    -3673259785198766273                14868214
     -434738118710019393    -3673259733659158729                 6479798
     -219130605831537985    -3674385684971389025                 6479830
     -219130469466785025    -3674385684971389153                 6479798
     -219130468393108801    -3656371286461909185                 6479606
     -219130468393108737    -3674385684988168385                 6479862
     -219130468393092417    -3674385684971391169                 6479606
     -219130468393043201    -3674386784483018945                 6479798
     -219130468392584513    -3674385684971391169                 6479830
     -434746914802517313     5550112251656011551                 6479798
     -434740575431296321    -3673259785198764257                 6479542
     -434740317733340481    -3673286173477830881                 6479862
     -434740317733340481    -3673259785198764227                 6479862
     -434740317733274945    -3673259785223930081                 6479798
     -434740317732816193    -3673259785198766273                 6479830
     -434740317732816193    -3673259785198764737                 6479830
     -434740317732750657     5550112303195617087                 6479798
     -434738118710068545    -3673259785198764265                 6479606
     -434738118710019393    -3673259785198766281                 6479798
     -254596315466515777    -3674385684971391169                 6479862
     -219137065462875457    -3674385684971391169                 6479862
     -219130468395205953    -3674385684996556993                 6479870
     -219130468393108801    -3674386509605109985                 6479862
     -219130468393108801    -2521464180364544193                 6479606
     -219130468393043265    -8286071703398779073                 6479847
     -219130468393043201    -8286071703398779073                 6463478
     -219130468393026881    -3674385684971391169                 6479542
     -219130468392518913    -3674385684971391169                 6463382
     -218567535619491137    -3673259785198764257                 6479798
     -434740455171769665     5550112251656009663                 6479862
     -434740317733324097    -3673259785198766273                 6479798
     -434738118710084945    -3673259785198766305                 6742006
     -219130605831980353    -8286071703398776929                 6479798
     -219130537112061249     5548986351883384703                 6479862
     -219130476982977857    -3674385684971391041                 6479798
     -219130468400907585    -8286071703398777057                 6479862
     -219130468393108737    -3674385633431781601                 6479798
     -219130468393043265    -8268057304889297089                 6479606
     -219130468392584449    -3674385684971389153                 6463446
     -219130468392518977    -3674385684971391169                 6479796
     -219128269369853249    -3674385633431783625                 6479862
     -434747052241995073    -3673259785198766145                 6479798
     -434740644150854977    -3673259785198764193                 6479862
     -434740317733340481    -3673259785198764737                 6479862
     -434740317733324097    -3673259785198766273                 6479606
     -434740317732750673     5550112251656009535                 6741942
     -434740317732750657     5550112251656009535                 6479798
     -434740317732750657     5550112303195619103                 6479798
     -434738668465898817    -3673259785198764257                 6479862
     -434738127300019521    -3673259785198764257                 6479862
     -434738118709560641    -3673259785198764265                 6479830
     -255018527923651905    -3674385684971391169                 6479798
     -219137065462875473    -3674385684971389153                 6742006
     -219130605832062273    -3674385684996554849                 6479862
     -219130469466850625    -3674385684971391169                 6479863
     -219130468395205953    -3674385684971389153                 6479855
     -219130468393043267    -3674385684971391169                14868406
     -219130468393043267    -3674385684971389153                14868406
     -219130468393043201    -8286071703398777057                 6463478
     -218567518439687489    -3674386234727205057                 6479862
     9004241568461732543    -3674385684971389121                 6479798
