 1. Iter.             2. TotDets.          3. TotWalk. (1)      4. Annihil. (1)      5. Born (1)          6. Died (1)          7. Removed Dets (1)  8. AbortedWalks (1)  9. InitDets (1)      10. NonInitDets (1)  11. InitWalks (1)    12. NonInitWalks (1) 13. TotWalk. (2)     14. Annihil. (2)     15. Born (2)         16. Died (2)         17. Removed Dets (2) 18. AbortedWalks (2) 19. InitDets (2)     20. NonInitDets (2)  21. InitWalks (2)    22. NonInitWalks (2)
               0                1   10000.0000000        0.00000000000        0.00000000000        0.00000000000        0.00000000000        0.00000000000                     0                0   0.00000000000        0.00000000000        10000.0000000        0.00000000000        0.00000000000        0.00000000000        0.00000000000        0.00000000000                     0                0   0.00000000000        0.00000000000     
              10             2898   16715.6796557       0.600000000000        7695.84085696       -149.563499290        109.317067508        19.0804682583                   144             2424   15000.7160626        1238.33972513        15293.2810323       0.600000000000        6252.17042254       -128.114049448        103.570820015        30.2441493869                   130             2438   13550.0511489        1190.98539752     
              20             7358   20867.8668954        46.6790328300        6081.79259288       -284.148268694        145.160750219        108.825051357                   281             6640   16334.0177725        4103.97312531        19056.4347676        48.8452003911        5446.08418288       -216.109259459        119.066403623        75.3750674878                   274             6647   14977.4490374        3686.10047652     
              30            10377   24101.2376657        73.7803976431        5113.64454087       -300.986436320        114.819032327        105.210913619                   410             9654   17645.0410064        6125.49467288        22011.4948237        48.5844805277        4566.95061282       -236.501132073        107.831791894        93.6324394413                   393             9671   16261.8454645        5433.05500027     
              40            13774   27597.8419053        73.2606260578        5744.99632389       -389.055056217        135.481283836        148.825067813                   503            12906   18969.3946433        8232.47620294        25296.1089699        77.0584554108        5299.18922688       -314.573921287        125.526060966        123.101388231                   498            12911   17601.3106832        7359.94381570     
              50            16906   30857.5844613        93.3696663614        5541.48045919       -423.083654467        123.564068872        149.140260721                   599            15992   20267.7715644        10271.9192286        28323.6038783        90.2514499497        5107.81137312       -347.295905400        103.742939389        137.385507503                   576            16015   18807.7372725        9189.43576458     
              60            20214   34298.8269945        106.519901657        5967.52470606       -485.999369697        129.122793467        183.795751208                   676            19220   21485.5541696        12459.7494459        31462.7381222        94.6077255281        5487.59098136       -402.766301522        115.962876724        173.657164385                   672            19224   20095.2970012        11064.1912269     
              70            23846   38118.1655584        107.583829970        6648.58192124       -574.483086047        132.561590260        210.907113384                   765            22732   22835.5825321        14882.4347886        34907.2601524        110.554728168        6065.94509650       -476.869409475        121.594296155        174.948911203                   769            22728   21476.6365767        13106.7254088     
              80            27175   41528.3545082        122.974744761        6138.35532120       -559.968808843        127.160544177        220.888905208                   849            25969   24076.7383828        17109.0555350        38038.4256281        100.980005239        5638.19671185       -465.777274941        126.048772504        197.296288936                   840            25978   22652.1484259        15054.0358278     
              90            30686   45192.5586282        129.899013474        6742.01590834       -634.022398768        135.971463280        244.999925778                   922            29363   25288.4668942        19505.7979366        41326.9807931        117.663179418        6070.91636282       -529.610616032        130.383284028        215.641208728                   898            29387   23792.1070411        17175.8631628     
             100            34394   49043.1971847        147.361543274        7176.56432723       -714.854339881        130.840175370        265.446240919                   980            33001   26510.0555216        22141.6346840        44765.5143284        138.227167376        6481.67124307       -597.139999641        122.196998157        246.064751364                   964            33017   24967.0140856        19426.9438049     
             110            38189   52973.8671590        167.472978452        7604.31834866       -796.535297579        141.042804153        306.251824869                  1042            36749   27739.9394931        24846.1775838        48489.2936621        173.258545840        7103.77558925       -667.081252040        135.041617613        265.379961913                  1011            36780   26147.9230463        21946.8152747     
             120            42293   57184.2504099        218.961703247        8247.96415841       -885.303782430        150.162644332        341.060851557                  1108            40770   29012.8041022        27734.4808971        52474.4033264        175.161997024        7695.09991772       -746.532745286        153.282697679        306.889205191                  1073            40805   27401.1833926        24682.3482667     
             130            46588   61706.3328495        219.165828391        8935.30097838       -982.454391320        161.368659676        383.002957702                  1172            45010   30329.1144494        30920.2192492        56540.1213272        201.605367957        8083.42958164       -830.906241576        148.965339191        330.573068460                  1120            45062   28593.7412227        27558.2745970     
             140            51059   66328.4000222        229.999360251        9477.74024158       -1084.09694174        180.590919030        431.092475189                  1231            49382   31609.5697779        34250.6565061        60872.5332299        193.387712002        8814.78552867       -918.478896895        155.845388415        390.595713439                  1168            49445   29817.2354358        30631.8359424     
             150            55636   71325.2773714        251.961393022        10208.8348639       -1186.56561952        179.480389168        458.028380863                  1297            53895   32995.9264054        37840.5445330        65346.3477065        221.697098170        9268.24856008       -1006.88678414        166.240563279        398.673657664                  1226            53966   31105.4786157        33799.7641124     
             160            60139   76153.3265303        253.271976099        10108.3134367       -1202.43229003        178.238784755        463.689145477                  1373            58306   34333.3740306        41323.7665230        69795.3710678        238.513187808        9271.11455156       -1021.37584373        165.475615040        429.537747807                  1283            58396   32313.4553991        37034.2199398     
             170            64778   81168.1727657        274.006629787        10709.0083180       -1302.91884093        179.244974438        533.781010237                  1468            62784   35732.9006777        44902.0507354        74418.8407757        267.744723206        9719.68876381       -1108.02034530        157.849147271        455.694284018                  1361            62891   33593.5085901        40313.1614730     
             180            69395   86304.7874357        266.130897133        10916.7389614       -1358.20843164        182.589316802        541.697669673                  1546            67369   37110.0477251        48671.9320793        79060.7289725        287.582113105        10006.3966789       -1156.69864196        165.316241358        476.432091666                  1420            67495   34849.6985295        43741.0423518     
             190            74278   91701.6772417        333.445651451        11536.9845401       -1467.73725902        193.518633486        554.390609949                  1651            72149   38541.7252926        52603.4030099        83898.2218055        301.037576244        10464.9048833       -1248.46796001        177.058637310        510.274812695                  1477            72323   36068.0872444        47356.8311162     
             200            79085   97242.0158369        312.726317177        12164.7671952       -1583.54003616        194.104569166        593.485142658                  1769            76828   40077.1491166        56594.0936054        88872.0049901        314.195167157        11100.9408838       -1343.93401013        177.182143459        549.263613918                  1539            77058   37337.5372176        51011.4751329     
             210            84316   103049.353050        373.692248146        12836.6705610       -1704.22375995        192.736039494        671.632289328                  1883            81893   41603.9075462        60837.4836907        94256.0486784        341.651536365        11757.9882406       -1446.12660076        172.177721866        585.724246892                  1631            82145   38735.8683905        54977.3980643     
             220            89784   109340.051763        338.218364088        13658.3121135       -1833.58026467        193.897282036        688.501574478                  2020            87189   43306.9359429        65375.5801712        99900.0571226        347.059482247        12594.5285919       -1556.93931676        200.036156408        619.813913532                  1737            87472   40204.1146195        59128.6276694     
             230            95382   115861.398417        356.477932325        14439.1351835       -1971.02580665        230.520224114        780.956252823                  2154            92605   44975.6028047        70201.8145302        105657.410038        396.262641232        13192.6814763       -1671.08255145        210.528802827        691.258605769                  1843            92916   41691.3717418        63341.9169388     
             240           101034   122482.074469        422.056344457        15086.9729996       -2107.73015568        215.954410961        783.248081975                  2330            98121   46847.0909177        74972.1805253        111669.186462        408.345883890        13755.1334394       -1781.97269838        211.935772746        727.860659073                  1994            98457   43326.0490363        67704.6928263     
             250           107070   129617.503749        438.896279774        16098.9895841       -2260.39984159        255.350758590        878.653847732                  2516           103959   48767.2245092        80114.9235079        118057.527234        415.279287957        14563.7972842       -1908.22415829        228.680974919        751.493643080                  2138           104337   45029.3076970        72392.8296547     
             260           113406   137061.123008        498.521426194        16899.4938422       -2424.70675717        245.073952727        914.780617063                  2766           110004   50899.1501118        85420.1438972        124699.046324        454.911881685        15433.5713733       -2042.42573655        246.529884250        845.358753280                  2292           110478   46759.2483481        77249.4608502     
             270           120050   145019.741169        515.025378540        18023.6519613       -2590.00283285        263.671119949        959.842641955                  3017           116366   53144.3921324        91061.5204420        131608.375155        475.547872582        16000.1447729       -2173.89849599        239.397796064        871.132213054                  2452           116931   48560.1559023        82358.0215190     
             280           126870   153200.996183        518.051669923        18688.5863493       -2775.66769744        283.939909992        1011.25378048                  3338           122833   55630.2331447        96751.8020109        138848.056422        527.353640158        16962.8847102       -2320.50128996        260.643186936        922.855335932                  2644           123527   50485.3206671        87605.6507529     
             290           134068   161924.810020        573.402757008        19884.0053338       -2971.92595695        283.258537034        1137.29196002                  3634           129706   58119.0482217        102922.215453        146445.764446        526.894660495        17866.3469249       -2475.49343758        263.818779102        994.699377272                  2857           130483   52516.4492028        93140.9214279     
             300           141142   170647.633982        547.830692410        19856.8767103       -2998.96445651        298.401490931        1094.48567257                  3989           136366   60782.6853811        108932.241844        153901.723912        539.511494311        17623.5969589       -2488.27836420        242.812001104        994.394055497                  3078           137277   54544.2877771        98580.2315197     
             310           148263   179377.196440        540.490166857        19721.7521078       -3043.10254392        292.316648981        1113.17296837                  4383           143172   63524.9570454        114956.460867        161456.196618        529.208818460        17897.1616867       -2513.75184081        265.957751644        997.671607041                  3379           144176   56792.0722504        103887.449972     
             320           155529   188373.601874        550.401351629        20536.3139583       -3206.04107207        299.399763358        1127.08661271                  4795           149960   66419.1360460        121014.501216        169157.510465        555.802472966        18252.5601774       -2638.56727267        266.747509460        985.745020346                  3682           151073   59098.4642572        109258.940784     
             330           162878   197573.214290        600.765369508        21124.5638838       -3345.71863094        306.605805597        1216.10409597                  5219           156914   69343.4030246        127305.881244        176963.943595        582.742262916        18771.0797971       -2741.34187444        262.861201406        1056.94447747                  3992           158141   61426.8383894        114727.890428     
             340           170801   207322.643884        605.737458907        22147.8137088       -3551.45756494        318.351696986        1256.14436301                  5665           164320   72428.4204818        133893.591643        185282.306461        593.750058431        19835.8847707       -2897.50355688        294.951417652        1121.35751051                  4350           165635   63985.1636886        120452.788046     
             350           179211   217681.911741        660.059830078        23387.9948447       -3772.51606338        342.183501386        1310.03038919                  6160           172197   75746.2581049        140890.757679        194137.553179        636.628521664        20720.4827039       -3065.49443392        279.923295047        1166.37957081                  4759           173598   66747.1628409        126485.397876     
             360           187904   228413.999121        691.014046686        24370.1685242       -4000.63679684        357.766473498        1372.91584385                  6633           180374   79089.7255133        148234.197801        203359.364671        644.692679233        21886.1073671       -3238.59495672        311.916928664        1259.32655310                  5184           181823   69624.1011203        132784.842224     
             370           196635   239237.845067        695.853201740        24711.1795256       -4082.79297609        394.332267273        1394.34234533                  7169           188582   82608.4124104        155548.223447        212601.137538        614.136191787        21842.3881938       -3292.92739190        318.444678522        1259.98580196                  5651           190100   72656.8387006        138996.675769     
             380           206070   250711.946647        695.350806697        25839.9610928       -4327.89535186        374.932283309        1468.51569206                  7742           197345   86358.6359573        163197.881910        222411.166564        665.148858694        22981.7521765       -3478.28604022        322.417422608        1305.49919602                  6133           198954   75741.0159702        145679.128438     
             390           215909   262759.196982        695.274904676        27243.7959966       -4588.82492276        421.290132873        1531.75116944                  8379           206489   90420.2128092        171114.642355        232557.336117        701.748653084        23916.9533704       -3674.38729918        344.703593994        1392.11532578                  6661           208207   79064.1915131        152436.884512     
             400           226270   275401.216727        775.094268309        28293.3354067       -4833.15182287        405.795534884        1581.08539574                  9008           216206   94521.3032593        179593.611274        243214.172551        753.517906614        24907.3714619       -3853.85127494        362.880150769        1442.16936643                  7151           218063   82350.2700343        159760.267654     
             410           236946   288608.248448        772.451112747        29473.0138820       -5126.66188767        451.198527816        1678.32058857                  9722           226133   99008.3426480        188271.487363        254209.073368        772.842705154        26103.3945474       -4067.77803299        399.691718608        1481.19913714                  7747           228108   86018.8464808        167059.662832     
             420           248335   302559.052322        787.508347854        31026.4577168       -5438.61529555        491.239957056        1735.66631905                 10560           236673   103999.657678        197169.412263        265904.760815        824.883466083        27380.5848158       -4295.38090393        389.750971941        1531.49093654                  8394           238839   89949.0691637        174784.947691     
             430           259981   317139.560880        826.065845289        32608.4266152       -5768.46480739        491.878797224        1889.74128492                 11362           247438   109004.323826        206628.551251        277955.842416        842.273332224        28326.0011403       -4536.89962300        422.922624649        1645.05298576                  9071           249729   94058.5712198        182692.500227     
             440           272633   332688.011956        857.123433035        34313.5000563       -6121.41290686        534.204311969        1923.07791021                 12252           259054   114402.207955        216691.454752        290701.801572        891.442793309        29798.4424941       -4790.32845481        452.270491485        1697.11345756                  9769           261537   98285.5717981        191078.825354     
             450           285976   349033.809201        891.441430510        35881.6039131       -6461.99376115        562.529168543        2051.65787368                 13231           271414   120234.217807        227179.223320        304030.280503        901.126594857        30835.0476687       -5031.68933173        460.492641123        1744.05017535                 10543           274102   102843.681337        199808.007242     
             460           300225   366325.920936        944.183406430        37622.8712785       -6863.72450572        579.201768842        2102.81899336                 14251           284482   126339.050674        238228.149364        318212.556730        926.395028082        32724.4040881       -5317.24633335        462.036951156        1892.29810619                 11351           287382   107618.817892        209106.302014     
             470           315121   384422.750811        1012.78623940        39518.0244605       -7289.95132119        615.144710811        2209.82368569                 15366           298204   132883.221066        249693.404023        333026.517003        976.755699655        34098.1697718       -5622.86078015        505.920309205        1942.06868487                 12201           301369   112639.527547        218836.451225     
             480           330826   403477.776129        1080.73709518        41486.0889364       -7744.58994905        657.405250368        2338.22965349                 16513           312667   139741.277750        261800.064900        348641.562013        979.566083530        35651.4139057       -5947.08617183        521.544408376        2033.32492768                 13124           316056   118030.927739        228965.963517     
             490           347350   423613.325400        1065.44917211        43498.9632236       -8229.38423901        681.730117962        2459.60129902                 17741           327896   147015.106022        274535.211610        364949.245993        1119.60038692        37356.3324433       -6289.84109736        543.425785416        2058.98576149                 14137           331500   123818.069694        239428.376145     
             500           364709   444875.394960        1091.29598033        45554.0573863       -8748.73609772        756.631008477        2561.33545075                 19031           343910   154711.056109        288031.372143        382027.351560        1090.61496082        38934.0992771       -6652.05723357        585.464673576        2279.35016299                 15168           347773   129826.850378        250416.422292     
             510           383394   467574.389606        1141.57126688        48125.2225354       -9304.68389092        767.709185115        2638.02954694                 20308           361142   162525.852737        302684.637118        400110.178805        1119.05222617        40982.7104319       -7036.48459478        610.184380061        2259.40718128                 16200           365250   135960.702029        262334.646240     
             520           403125   491586.957752        1248.15489685        50567.6138735       -9904.57321926        836.156487410        2812.55817940                 21656           379487   170787.141188        318374.437831        419051.405654        1187.05629465        42809.4275586       -7444.65101210        634.046931835        2395.83174542                 17378           383765   142684.654692        274459.704898     
             530           423919   516847.788772        1295.84961062        53216.1824953       -10544.2994044        838.502472998        2968.39008262                 23127           398733   179656.295507        334659.701285        439061.956623        1182.56187558        45080.3656664       -7879.79082963        696.623866252        2561.97452824                 18554           403306   149564.219123        287497.194479     
             540           446248   543567.835991        1319.38408811        56203.4806066       -11222.7295093        914.083487936        3159.30836296                 24764           419147   189233.961679        351625.122387        460371.206721        1257.38142140        47503.7424853       -8344.25741368        762.553275171        2663.01307466                 19849           424062   156924.482002        301214.801854     
             550           469624   571839.934362        1453.41147138        58864.0700430       -11948.3314670        977.159846421        3207.21396358                 26466           440683   199289.713874        369570.010839        482519.182287        1334.60128680        49594.3533554       -8838.81184697        739.975101414        2773.99346397                 21141           446008   164449.405578        315808.643552     
             560           494542   602041.162443        1414.78966562        62618.4659102       -12732.0087764        1005.89409287        3471.43797971                 28320           463636   210132.053974        388766.356135        505976.091756        1423.92537906        51991.0285744       -9360.88117100        817.522505695        2919.82937865                 22622           469334   172782.982167        330778.168450     
             570           520827   633885.767825        1449.21476633        65550.8365299       -13572.0025908        1073.58105700        3612.43236505                 30209           487974   221449.332234        409222.028816        530631.738000        1474.91018067        54453.0377055       -9917.38737907        841.197392415        3038.92451692                 24102           494081   181337.224335        346780.186612     
             580           548934   667727.557464        1533.35787729        69385.7397110       -14468.0495890        1137.34870192        3749.51677702                 32247           513753   233467.628275        430768.489620        556852.104377        1517.11662446        57705.6586092       -10512.0708421        915.779617290        3202.12785698                 25567           520433   190021.072730        364149.612605     
             590           578416   703396.356574        1669.86429630        73184.9371282       -15429.8908486        1201.41949717        4038.14740534                 34399           540934   246203.808360        453524.181634        584444.649028        1542.84784032        60047.2996306       -11143.1225833        937.840544924        3313.65622728                 27158           548175   199359.600994        382265.868468     
             600           609327   740879.682890        1721.84697869        76342.3358885       -16450.3622724        1267.46479454        4236.02780142                 36667           569499   259664.733252        477404.281075        613293.530343        1622.93355764        63101.7899336       -11806.8146392        1007.35558243        3465.87215470                 28919           577247   209364.181139        400989.494571     
             610           642390   781125.092242        1693.74238860        80789.3809436       -17496.3516136        1349.66876697        4425.17058687                 39074           599918   273951.710677        503031.874048        643731.331345        1663.99337208        66440.0687186       -12479.9083564        1057.58667213        3683.80402347                 30773           608219   219922.551673        420748.489994     
             620           677293   823755.986631        1854.42120027        85283.3231570       -18680.3420141        1426.55218866        4607.48747569                 41704           632058   289327.817273        530125.621098        675643.221389        1706.50548788        69209.7234805       -13231.1982425        1093.02972017        3876.05603796                 32726           641036   231011.144142        441361.880626     
             630           714009   868209.636002        1911.74329135        89179.1952231       -19790.6395628        1522.30865287        4948.90766981                 44482           665732   305541.394745        558142.188855        709518.286417        1769.40556619        72971.4595809       -13928.5093917        1166.85323240        4006.78716583                 34776           675438   242703.028022        463332.835937     
             640           752620   915427.672789        1914.75014732        93950.3238889       -21120.6487527        1553.41040386        5197.85789145                 47348           701343   322549.912392        588048.443737        744980.484815        1894.31085227        76300.6239926       -14771.7835376        1249.09922617        4220.87815463                 36784           711907   254501.145270        486852.365967     
             650           793499   965759.884118        2032.89719426        99345.9470837       -22550.3229612        1715.35112358        5434.71134173                 50335           739046   340507.712800        620220.686533        782198.845993        1917.79777602        79829.5263236       -15661.9972393        1325.08230125        4483.99474986                 38990           750391   267253.770811        511120.140395     
             660           837519   1019566.63616        2155.51390423        105300.115696       -24088.9391782        1839.62570927        5774.53218858                 53512           779502   359572.421861        654542.636346        821736.469463        1980.52868350        84016.0092283       -16613.3535963        1377.58301500        4614.40538902                 41242           791772   280452.597793        537252.162953     
             670           883390   1076103.89371        2138.32111279        110443.944537       -25742.8973653        1917.55689332        5979.42525321                 56873           821877   379768.786350        690564.709612        863302.397315        2078.96020634        88604.5789501       -17626.7678242        1444.11439290        4924.11908493                 43601           835149   294309.102507        564789.314827     
             680           931935   1136425.54503        2293.71289661        117111.075898       -27512.6278260        2058.48232657        6385.44786799                 60528           866383   401579.314531        728587.167625        906924.020805        2161.72466288        92833.9572332       -18698.2495756        1563.20196946        5270.14309068                 46143           880768   309085.999082        593443.984983     
             690           983393   1200295.48805        2428.80051174        123233.626112       -29416.1677044        2154.75692523        6726.39939601                 64245           913857   424204.033076        769454.744263        953101.023799        2286.74987492        97268.3648077       -19838.7972227        1569.65903315        5458.91796271                 48850           929252   324714.449337        623705.482817     
             700          1038449   1268601.78148        2554.12856380        130837.901329       -31465.3201093        2277.12377768        7029.72290361                 68348           964332   448754.390500        812742.906946        1002103.11445        2284.60588775        102999.895228       -21055.2053100        1683.67111660        5776.63024004                 51695           980985   341262.973862        655791.562835     
             710          1096720   1341334.80975        2555.28917104        138465.874161       -33673.9077548        2411.00525670        7558.58699269                 72754          1017929   475107.327643        858755.076607        1053745.61408        2396.58828503        108305.983162       -22356.5858533        1746.47646448        6048.07092198                 54716          1035967   358696.845611        689738.372404     
             720          1157954   1418446.32122        2757.22627378        146738.185943       -36048.3851927        2522.01906330        7963.95244168                 77473          1074178   503241.600314        907188.549437        1107970.74646        2518.70875319        113594.965256       -23737.0979459        1851.17496403        6449.74017733                 57811          1093840   376872.717157        725587.571515     
             730          1223291   1500761.49572        2831.00218345        154987.187450       -38609.2851856        2722.47261225        8426.22424369                 82476          1134174   533264.342866        959140.584329        1165530.52261        2572.00393390        119806.489432       -25203.7589469        1975.55901235        6696.47055589                 61161          1155489   396264.485437        763385.311140     
             740          1292142   1587836.53003        3003.27672422        163498.655701       -41178.3595607        2904.07753146        8854.34323125                 87847          1197360   565354.610033        1013682.91924        1226219.80947        2737.25923486        125711.182940       -26658.2725049        2065.58182090        6998.04055399                 64684          1220523   416701.822957        803322.556832     
             750          1365805   1680969.84391        3004.11985225        173555.607800       -44112.7204094        3109.32357394        9429.49782814                 93331          1264844   598831.312819        1072421.23153        1290410.40372        2738.10553586        132220.202431       -28321.8031990        2196.66333206        7311.67373487                 68364          1289811   438158.864264        845786.377336     
             760          1443220   1779690.75264        3157.54998060        183091.185162       -47256.0952786        3311.69860724        9852.74861745                 99411          1335782   635220.265395        1134263.01843        1358071.77569        2950.52961745        139161.220746       -30071.3230200        2297.98811705        7767.49559374                 72211          1362982   460744.645772        890368.087440     
             770          1525869   1885494.48190        3362.38554669        194781.378005       -50671.8680370        3452.10937597        10474.1667068                105979          1411303   674392.851863        1200136.52243        1429385.38683        2980.36691565        146281.805828       -31954.1996265        2470.82016573        8164.62586687                 76361          1440921   484802.665003        937251.049718     
             780          1613453   1998423.71694        3481.10436003        206601.111730       -54312.0222560        3713.80061842        11093.6759555                112922          1491537   716124.601778        1270698.20928        1504619.76034        3163.28534289        153456.781424       -33918.8641872        2564.93891186        8481.62055813                 80798          1523661   510440.507968        986465.837035     
             790          1706297   2118687.62716        3526.32993282        218579.266546       -58286.8980264        3950.98243827        11728.6129183                120317          1576297   760786.708926        1345508.77829        1584430.16253        3284.37684498        162205.566341       -36048.5664661        2769.22867139        9029.10688444                 85545          1611069   537719.084509        1038447.13872     
             800          1805453   2247517.09467        3731.41703859        232376.831699       -62531.9299434        4181.72740003        12351.5157482                128194          1666966   808431.634535        1425735.30035        1668784.04329        3369.95993435        170291.558232       -38300.9260650        2831.57387507        9489.33347651                 90553          1704607   566486.965457        1093676.66201     
             810          1911168   2385067.47723        3891.91507261        246691.333527       -67163.4985256        4529.49169087        13183.1148592                136853          1763440   860185.525572        1510731.10270        1758317.51628        3497.96510866        180029.787364       -40732.5780643        3044.33121372        9951.29824181                 95716          1804577   596584.799395        1152564.13182     
             820          2022997   2532139.36450        4083.98339791        261804.070662       -72112.9650241        4834.52821780        13891.0356253                145973          1865592   915271.983700        1601830.22666        1852667.59346        3632.10727326        189093.254847       -43296.6834744        3261.36943770        10641.4036748                101448          1910117   629222.204319        1213754.35544     
             830          2142350   2689714.82533        4265.34562209        278787.516252       -77535.8898817        5194.36623310        14906.2414289                155609          1974487   974028.114384        1699441.21119        1952662.00813        3810.68296153        199876.951471       -46059.1986562        3437.76646621        11190.4314560                107459          2022637   663738.991283        1278722.22050     
             840          2265937   2853802.57014        4323.82615043        288498.657383       -81236.4801751        5376.77452102        15179.3237845                165789          2087299   1035858.86555        1800895.19364        2055967.94303        3754.97593132        205194.258802       -47754.0618539        3498.04690152        11447.0773322                113648          2139440   699399.900575        1345984.82374     
             850          2397910   3029373.33251        4516.98524538        306633.357705       -87269.5510523        5748.62217924        16314.3267803                176627          2207803   1101958.88068        1909487.81056        2165649.62052        3990.19096210        216422.897790       -50756.5181026        3731.15245139        12146.4454931                120240          2264190   737241.074880        1417126.70250     
             860          2537539   3216669.19126        4818.45999804        325232.877525       -93776.9254587        6155.64342362        17265.5118156                188210          2334882   1172842.64786        2024637.58338        2281238.39644        4129.58907804        227936.951731       -53962.1404873        3974.14095124        12645.3314395                127230          2395862   777321.394908        1491904.73536     
             870          2687065   3417797.54672        4803.59004894        346444.129885       -100819.925137        6616.19201056        18280.4594950                200939          2470686   1249913.41615        2147119.68879        2404274.83903        4281.67276284        240938.817748       -57394.7179342        4187.15184826        13388.6681699                134663          2536962   819957.665609        1571702.93307     
             880          2845652   3633172.44629        5064.17997625        368971.192626       -108455.531988        7036.59546810        19574.3901383                214395          2614881   1332274.53166        2278669.15116        2534032.48737        4333.48628652        253595.163134       -61059.8112427        4415.04721004        13954.2806657                142483          2686793   865074.945632        1655675.54395     
             890          3015177   3864070.81496        5417.85251062        392756.683030       -116668.363702        7562.02186240        20624.3598849                229026          2768765   1421277.48763        2418973.23127        2671826.02500        4612.11806135        267884.453469       -64942.8997025        4661.14443852        14835.7946198                150804          2846987   912927.340829        1744826.05460     
             900          3195771   4111529.96523        5478.42059610        418006.940062       -125625.346170        8060.56797141        21819.2936922                244542          2932448   1516456.90371        2569403.22829        2817715.19910        4952.73992431        282280.204884       -69133.4647808        4975.71483286        15565.0984965                159451          3017539   963259.627329        1839453.43996     
             910          3387373   4375469.23667        5701.78594167        442099.497319       -134546.357197        8510.17111257        22927.3673184                261612          3106323   1619859.51632        2728637.82195        2971772.34329        4969.44699165        296666.765890       -73177.1542119        5203.23552721        16455.6424238                168847          3199088   1017322.72984        1938703.22678     
             920          3591692   4658758.78992        5975.15210171        471215.332276       -144951.163241        9134.91649042        24639.3465330                279733          3290923   1730647.53751        2898874.68594        3135012.48087        5285.73912362        313063.144996       -77917.2293537        5487.75543910        17169.4164838                178904          3391752   1074916.18574        2043469.41589     
             930          3809683   4962863.90143        6482.93410416        503536.400482       -156250.763348        9821.45444947        26171.7509957                299231          3487868   1850009.06402        3081366.65729        3308232.09656        5413.67492581        330329.221649       -82983.2584964        5837.49242726        18345.4590987                189509          3597590   1135995.92412        2154442.56588     
             940          4042302   5289545.07672        6701.83025398        536827.404046       -168500.718167        10573.1268823        27715.9839999                320119          3697929   1978408.92981        3277277.38542        3491781.89932        5543.89298093        348257.714763       -88405.1166281        6148.67598614        19147.8964047                201059          3816989   1201812.96992        2271010.10395     
             950          4292040   5641624.26319        6852.04491032        573106.764956       -181835.161924        11337.4933761        29660.9982061                342858          3923389   2117905.24122        3487477.54687        3687329.73230        5760.32613467        368346.783726       -94221.9788375        6591.21197366        20211.6534204                213160          4053087   1271304.77814        2395820.60137     
             960          4557778   6019836.99955        7225.41706166        611682.451561       -196327.754321        12058.5989197        31286.3354362                367167          4163282   2268090.46273        3712789.22240        3894331.55626        6070.05630382        389720.635534       -100457.510419        6952.28738363        21449.4069791                226194          4304255   1345878.75948        2527228.91494     
             970          4842947   6426681.20750        7625.34995096        653672.315763       -212065.013240        13030.5004012        33473.0411101                393273          4419962   2430083.51970        3954473.62301        4115436.57091        6331.08850141        412143.300359       -107134.476883        7337.46698274        22614.8090029                240048          4573187   1425343.61083        2667287.45931     
             980          5147761   6864847.84709        7981.09261315        698757.160193       -229192.364045        13893.2775404        35706.5647533                421524          4694810   2605221.49618        4214218.72500        4350009.07157        6553.34626286        435819.375446       -114313.227222        7844.32105329        23732.8811954                254951          4861383   1510443.68102        2815635.13188     
             990          5474351   7337058.57493        8388.84544272        747739.802863       -247828.489737        15068.2923936        38050.9035868                452140          4988614   2795364.56805        4492828.26653        4599846.48728        6821.61121618        461675.605257       -122023.413803        8282.78968052        25139.9588486                270631          5170123   1600714.84091        2973612.83889     
            1000          5824194   7846015.84328        8685.75922373        800153.052923       -268115.811085        16189.5523451        40756.2838370                484938          5303116   3000390.84462        4792754.02771        4865855.18424        7062.24142630        488388.031978       -130290.106787        8806.51545182        26403.9871813                287524          5500530   1697542.65378        3141093.00013     
            1010          6186085   8375723.45929        8884.06657006        827110.094298       -280404.248949        16892.6495496        41857.8120437                519363          5629340   3215918.11768        5105065.36777        5139111.25977        7239.83445272        500399.034019       -134498.084643        9130.26810784        27342.1357134                304737          5843966   1796975.61004        3314098.87198     
            1020          6573855   8946779.13131        9151.10531948        886174.510540       -302849.870754        18057.3615712        44791.3561661                556833          5976844   3449565.34001        5438087.16195        5429972.06418        7492.85342628        528326.230361       -143414.434635        9743.63248194        28703.5779965                323115          6210562   1903175.03235        3496918.33684     
            1030          6989104   9561892.31557        9640.02369799        947576.438549       -327298.972710        19331.7668061        47657.7372967                596938          6348914   3701441.96733        5796456.34243        5739355.64549        7830.48599534        559827.211396       -152982.652788        10240.6723996        30309.4184517                342946          6602906   2017107.09468        3690401.82040     
            1040          7434389   10225971.7147        10134.5581902        1014557.75052       -353929.295967        20788.0263145        50744.4949415                640161          6748281   3973881.55225        6183425.11521        6068129.10649        8006.84520018        590981.251496       -163243.040220        10973.5566153        31792.9625957                363912          7024530   2138157.78187        3896163.67644     
            1050          7911036   10940937.0199        10613.7948753        1086377.73270       -382827.172005        22474.5471749        54152.9398865                686998          7174454   4269111.93021        6597713.44698        6418227.30667        8516.21194980        626221.774348       -174218.577675        11616.6274196        33712.5768226                386326          7475126   2267718.85912        4114362.43419     
            1060          8422711   11713049.0385        11301.2607348        1163506.15350       -414371.045909        23966.8145885        57769.9473775                737271          7632592   4588008.59867        7045022.26255        6791159.07156        8590.59250493        662856.529033       -186057.111144        12295.6759607        35687.6095837                410221          7959642   2406104.23169        4346830.79473     
            1070          8970929   12546351.8420        11875.9738973        1247661.42527       -448729.398804        25860.9802817        61759.4749287                792370          8121485   4935978.92926        7523658.10853        7187679.28845        9037.94388322        701859.857052       -198783.649236        13105.4457096        37549.1383844                435423          8478432   2553012.10258        4593967.20019     
            1080          9560520   13447990.1113        12570.9993805        1339873.69549       -486204.487607        28085.3178803        66163.9886748                851754          8647980   5312819.45862        8041894.24122        7610132.63341        9454.43221709        743765.808998       -212421.765200        13974.3512362        39899.6526412                462580          9037154   2710848.16537        4855899.37636     
            1090         10193305   14422193.0849        12950.7316782        1438180.43342       -527107.138942        30209.1463204        70495.1670460                915991          9211978   5721882.25678        8599387.31461        8060774.69381        9940.59515711        787430.044864       -227087.447394        14842.4474870        42013.7988449                491501          9636468   2879506.92366        5135032.55599     
            1100         10872350   15474225.0510        13770.6269330        1542646.33636       -571730.634083        32713.2110484        75530.3302203                985282          9817008   6165114.11281        9200246.53143        8541789.57461        10340.4465835        837263.503725       -242877.128238        15849.4033399        44786.7773174                522472         10279818   3060173.41885        5432177.40361     
            1110         11603290   16614472.7325        14394.3998263        1661060.76631       -620432.414625        35373.6445970        80946.6652478               1060532         10467299   6647328.78988        9849157.43061        9053996.69547        10645.7650018        886311.104852       -259865.960153        16728.7863079        47280.6110563                555344         10972487   3252856.70145        5748369.79831     
            1120         12390691   17849083.1719        15139.8103541        1786549.54837       -673668.135174        38075.7941997        86982.9234401               1142082         11167018   7171407.85582        10549416.0053        9601851.87655        11162.9779995        941101.345577       -278163.852220        17888.9003402        49955.7419538                590618         11718482   3459713.61003        6085919.65904     
            1130         13238033   19185454.2908        16030.5253347        1920582.02017       -731836.225157        41327.8455533        92796.6271999               1230526         11919746   7741440.75710        11305543.6536        10187834.8590        11541.3238275        1000834.30279       -297913.134811        19223.9166224        52981.9277270                628496         12521776   3681872.97168        6445559.36847     
            1140         14149194   20634147.0750        16648.1835365        2066563.95569       -795388.374260        44296.1374530        99735.0869827               1326431         12728786   8361561.97729        12122584.0291        10812599.5821        12363.7269740        1061865.45708       -319181.325181        20367.0452981        56006.5349500                669199         13386018   3920603.84498        6827804.54253     
            1150         15130973   22205503.2708        17688.8825604        2228282.43484       -864934.718601        48203.4714084        106869.479438               1430711         13598687   9037473.24664        13005228.9621        11480636.6115        12778.3458345        1128765.42196       -342072.566526        21738.1721030        59350.6653198                712620         14316778   4176208.98673        7235552.06262     
            1160         16187078   23906812.0048        18569.7330910        2397887.43013       -939331.874920        52344.7534259        114894.162110               1543626         14534279   9771838.22294        13958798.0047        12193577.4025        13202.7724288        1198377.42616       -366136.524853        23433.7859287        62839.4551495                758843         15319062   4449424.74453        7670531.43318     
            1170         17325745   25754201.4805        19697.8906815        2585610.25322       -1022310.47751        56695.0323774        123180.225603               1666253         15541713   10572002.4570        14990392.7380        12955504.4407        13727.5267475        1274475.46543       -392683.001914        25009.0667765        66671.6844721                808572         16399394   4743354.17354        8133938.28126     
            1180         18555919   27762272.4930        20942.5573409        2791145.43153       -1113222.03722        61372.3526181        132454.731777               1798688         16629190   11441839.1399        16111589.8394        13770765.4339        14367.4993456        1355817.68655       -421314.085876        26875.2984564        70497.3370623                861511         17566367   5057855.62364        8628695.26794     
            1190         19886557   29945297.0893        22062.1503626        3014191.17577       -1212925.00896        66576.2352610        142620.155726               1943350         17805171   12392457.0135        17325925.4704        14645703.9766        14947.2822215        1444453.47510       -452271.234740        28552.0935797        75033.1775369                918338         18830183   5395941.94063        9159694.87111     
            1200         21322242   32319225.1588        23097.5194630        3256397.35468       -1322226.90747        72322.8648792        153375.373831               2101004         19071897   13430857.6744        18641353.8973        15580650.2586        15812.9848031        1535789.12463       -485735.266668        30345.9858756        79823.0085542                979322         20193579   5759478.31199        9724840.93504     
            1210         22872224   34900531.0749        24533.7366565        3518117.47237       -1442059.40324        78564.1353566        165221.190912               2273231         20438927   14566528.0698        20066305.9540        16582067.9227        16335.3514114        1635491.09548       -521802.902641        32405.7158360        84723.0025031               1044598         21667560   6150109.98793        10328954.7049     
            1220         24549158   37711076.9074        26050.3786094        3807311.25019       -1573519.43056        85568.4655059        177758.565029               2460365         21914617   15805880.2575        21613070.6077        17655607.4744        17212.7551745        1742831.68800       -560824.496985        34831.1220533        89902.4632043               1114553         23260429   6569881.73699        10974880.3168     
            1230         26361886   40771079.2320        27571.0432136        4117489.37513       -1717899.13610        93006.3665861        191819.848132               2664497         23509656   17161258.2020        23292192.3877        18806408.0642        17855.1775052        1858619.93653       -603018.730653        37273.5400907        95768.7213331               1189980         24984173   7022714.94483        11664936.7500     
            1240         28326303   44108348.5916        29437.6292477        4462929.45135       -1876472.21259        101163.136177        206978.227341               2886911         25234892   18643027.4342        25117885.7285        20041028.0540        18671.8568293        1981370.31616       -648702.979718        39878.8906793        101659.805096               1270779         26851024   7509926.10805        12403555.3302     
            1250         30453055   47745531.1012        30854.2008060        4833250.10159       -2050805.96492        109988.155474        223338.597823               3128939         27104420   20262798.4131        27105419.2410        21366769.0808        19576.5074104        2114447.10797       -698130.334996        42716.4100890        108136.597336               1358430         28874929   8037149.42318        13193063.2718     
            1260         32760984   51716363.9878        33074.6820810        5241445.59786       -2242410.36137        119611.955203        241006.126679               3394092         29127603   22039191.5591        29264379.9389        22790751.8659        20558.5047081        2256965.27842       -751646.970384        45893.2066487        115184.269060               1451793         31069902   8602931.04492        14040959.5393     
            1270         35263254   56049898.4060        35074.9432637        5684577.49584       -2453150.04915        130062.709951        260538.604107               3683164         31319670   23983617.0048        31615149.7605        24320898.8683        21218.9651561        2411390.15360       -809658.540035        49033.3981707        122468.756488               1552531         33450303   9214223.71787        14948415.1130     
            1280         37980615   60783488.9829        37202.8641910        6173106.38150       -2685100.36008        142006.988811        281484.120262               3999291         33699881   26115295.4956        34176352.5961        25967221.5694        22503.8291669        2577698.02027       -872579.521225        52740.3104099        130868.787482               1660659         36038513   9872844.82790        15924617.9445     
            1290         40928981   65955426.4514        39555.1011215        6705507.10837       -2940415.34718        154947.411437        304835.606969               4345089         36277753   28453488.8542        36963813.0183        27737192.6619        23795.8854011        2754035.56689       -940858.114134        56260.3136110        139461.618936               1777297         38845545   10584636.4667        16969766.6760     
            1300         44132268   71611851.7347        42319.9525405        7286493.63793       -3221638.26783        168582.255863        330533.377542               4722649         39076562   31016778.5467        40006087.2325        29640124.9153        24857.3811637        2945595.45753       -1014925.10834        60816.0079109        148705.405019               1903032         41896179   11353635.0969        18089938.1784     
            1310         47613221   77797633.2407        45001.5371941        7922625.98273       -3531523.61920        184474.267745        357785.140105               5136381         42114602   33831972.8878        43321265.7443        31690047.1982        25858.6841944        3152387.75449       -1095275.32502        65301.9024245        158038.655751               2038016         45212967   12183132.4621        19294804.9839     
            1320         51398514   84565850.4746        48338.1063214        8618398.11234       -3870894.18768        201159.752737        387439.972153               5587727         45417427   36917455.9536        46943510.4944        33896438.3317        27279.4591089        3372798.75807       -1181885.95286        70079.4956543        169298.459774               2184303         48820851   13081868.2540        20586510.8361     
            1330         55519416   91978226.3954        51630.0770942        9383748.55607       -4247295.31367        219644.308050        420939.976479               6082923         49009207   40309356.1882        50897166.8110        36275316.9363        28486.3876701        3614204.35395       -1276669.79651        75478.0464103        180341.029175               2341602         52750528   14052719.3964        21977397.6871     
            1340         59998966   100083430.818        55111.7643021        10201864.1437       -4652621.75905        239675.183095        455043.709625               6622934         52910049   44025255.3853        55214282.6342        38836194.0585        29804.9627798        3865733.62306       -1376760.20578        80852.5745368        192935.946463               2510939         57022044   15101127.9319        23469482.5496     
            1350         64874518   108963621.224        59134.9111419        11115261.5575       -5108988.32589        262504.657583        493985.556975               7216980         57150877   48116388.6543        59922088.1193        41597074.4275        31092.1537273        4143000.64036       -1488462.85410        87180.6446468        205835.018104               2693983         61673874   16236717.8544        25075105.7595     
            1360         70178165   118452695.790        62833.3797043        12098923.1172       -5373809.32490        286085.735869        536167.280380               7842541         61784407   52441526.0974        65023622.6330        44576051.8383        32888.9254143        4444600.52462       -1609858.06474        93871.0061634        219547.578926               2891844         66735104   17467294.4547        26800213.0091     
            1370         75920618   127756248.418        67406.1046659        13114844.0433       -4840003.30000        308180.035057        581193.685583               8413581         66913181   56406493.9221        70384840.3251        47791204.5879        34627.4747964        4767909.02490       -1742030.76359        101144.206394        235263.918568               3105051         72221711   18798981.4356        28660090.2809     
            1380         82060638   136721820.094        71217.2864401        14075972.9365       -4205501.09138        326585.299532        626485.651725               8910295         72518319   59861757.5565        75934658.7696        51263855.6638        36218.7972956        5120742.73100       -1885968.26424        109356.741489        251398.832690               3335674         78092940   20243181.1038        30661803.9175     
            1390         88568971   145275397.229        74884.7625960        14978418.2155       -3533291.57137        342867.616046        673985.758614               9324330         78577277   62758097.8705        81638857.3749        55015431.3884        38048.8066372        5497292.46480       -2042689.27600        117904.339868        269838.835117               3585511         84316096   21810986.5747        32816226.2174     
            1400         95411741   153355100.996        77959.1171584        15820269.2226       -2844436.88997        356049.307956        721890.830302               9657569         85054640   65093516.3727        87435381.3509        59074198.1925        40119.4922337        5911741.77827       -2213550.43103        127029.033024        288650.796589               3855526         90856683   23511656.1725        35142438.5838     
            1410        102540671   160910270.022        80987.3792549        16592954.2831       -2155587.61373        367806.053210        770004.867368               9910077         91901446   66873321.5685        93266672.9016        63464119.5558        41949.7769962        6353382.93578       -2399913.19645        137136.232551        309216.781623               4148104         97663419   25359088.5773        37649983.2473     
            1420        109918694   167917859.824        83217.6836207        17313208.9436       -1480948.77106        377110.057813        819128.959163              10087771         99075804   68130945.3514        99074604.3422        68214028.0678        44620.9784109        6833401.49555       -2603196.26676        148095.249639        330905.438965               4464677        104698898   27364967.4295        40356750.5912     
            1430        117505663   174363064.999        85288.2038819        17973452.5173       -832672.840532        385232.272161        866117.910984              10194542        106533697   68900296.8085        104811111.843        73356865.7582        46872.8562652        7359532.93911       -2825024.24598        160382.816697        355866.739390               4806566        111921673   29541522.5084        43282391.1332     
            1440        125260269   180236342.400        86859.2473986        18570296.4359       -219469.573737        393314.719219        913324.714970              10237643        114223819   69229267.9241        110415981.726        78932037.8621        49561.4832385        7925110.49175       -3067275.36522        172958.939262        381596.342490               5177584        119283878   31909326.6317        46444182.0102     
            1450        133149879   185552085.814        88190.9655138        19121826.8743        351162.969792        400718.935225        958527.014760              10224870        122107401   69171139.5566        115847962.711        84975439.3415        52097.0555516        8541139.49073       -3332042.99836        187236.245232        410438.465671               5580485        126751786   34487023.6163        49862160.0436     
            1460        141139166   190320375.153        88504.4520923        19610365.5472        874625.959546        407759.611105        1000529.80253              10165276        130137529   68783935.0669        121059643.337        91530512.3123        54912.0225321        9210515.38481       -3621437.87119        202685.986394        440505.471218               6017130        134285675   37290610.1658        53560307.7375     
            1470        149212501   194574447.021        89196.1538693        20069491.1184        1347847.26958        414870.482298        1042174.32438              10066044        138289377   68118092.2596        126031453.510        98638964.8195        58341.0845441        9930425.30026       -3937868.19864        219189.761987        473659.124446               6490670        141864751   40342005.2812        57558576.2454     
            1480        157361541   198345194.661        88630.7715413        20478935.6556        1770040.90642        421619.111266        1081624.75709               9932667        146552355   67218827.2369        130749827.858        106357931.536        61398.7559219        10716096.5749       -4283954.10676        237157.807327        509182.155305               7005716        149479306   43668990.3316        61887707.5297     
            1490        165479017   201661695.300        88165.4743826        20848434.3703        2142170.78265        428629.965171        1118200.77950               9773322        154829719   66136570.4470        135195408.487        111001001.198        63731.7781989        11370692.7651       -1023540.07215        244321.214573        541096.328668               7175420        157427621   44765664.0506        65763528.2277     
            1500        173402681   204558261.073        87957.5293981        21179023.4869        2465844.69398        435867.752258        1152385.54197               9593708        162940300   64911872.7602        139359772.964        115096661.120        65729.2419379        11786167.1923       -424875.059011        248533.681264        571678.647297               7240044        165293964   45182612.2073        69499828.0819     
            1510        181090889   207080658.092        86669.7871373        21484909.6405        2742883.90397        440896.744853        1186577.62712               9398661        170834569   63579790.4964        143253096.893        118810641.917        65423.1634285        12152594.8674       -19701.6145774        252181.253572        602151.112187               7255361        172977869   45281778.9515        73154880.5464     
            1520        188493663   209258951.432        86187.1171793        21737335.2866        2976788.90218        446822.970636        1215894.85041               9192893        178452562   62172064.5698        146871318.448        122155587.565        66457.0810882        12483509.4722        345835.474780        254954.304030        630413.988698               7229824        180415631   45119945.8782        76698757.0957     
            1530        195571542   211122665.963        85324.5413539        21952378.3545        3171066.65647        451727.816839        1243164.99693               8980291        185761391   60715997.2887        150224492.702        125143694.451        66590.2194180        12788226.0059        678384.363079        258179.462176        659137.470384               7169789        187571893   44737576.4427        80107822.2310     
            1540        202309007   212712905.559        84266.7554281        22136050.0111        3328818.67139        454873.931746        1269372.82614               8763534        192731164   59232532.4127        153324831.873        127794600.339        66769.9465885        13061535.1047        977297.882927        262357.089158        687351.980069               7081987        194412711   44174514.4934        83356055.9948     
            1550        208689607   214053849.756        82668.0654277        22300489.9753        3453397.27568        458460.496550        1293336.54861               8546014        199347362   57741742.5846        156182139.003        130134355.633        66383.7001130        13314992.0993        1241839.86404        265745.582455        712576.148040               6970511        200922865   43462398.5330        86439304.0098     
            1560        214700587   215180268.205        81082.4578019        22426768.8108        3548444.59250        460015.469001        1315172.20753               8329375        205592135   56257689.7333        158812465.386        132176062.774        65614.4157777        13527123.3940        1473015.62734        269406.678458        736410.561371               6841629        207079881   42637031.5994        89336083.8377     
            1570        220349892   216124554.075        79921.0913516        22535053.6059        3617327.66065        460713.656284        1335437.04292               8115971        211473937   54794423.5899        161238354.798        133948072.958        65092.0545541        13725158.0430        1671931.86044        272969.400253        759153.396161               6696817        212893091   41718136.8673        92054339.4915     
            1580        225628868   216895756.656        78612.2632203        22608930.6885        3663848.59412        462010.458171        1354863.51685               7907450        216982768   53362296.9793        163459165.096        135476268.029        63932.0959545        13898433.3751        1840160.80458        276109.563746        779169.729882               6543293        218346925   40741118.6328        94584764.7156     
            1590        230558759   217529812.276        76893.5757357        22674628.1984        3690431.08033        461409.031714        1372693.50123               7702964        222134239   51962258.3904        165505318.560        136783911.039        62950.0456768        14045631.5344        1979938.50483        279184.869564        799838.397732               6382312        223454891   39721010.2306        96934445.7418     
            1600        235150152   218043816.660        75300.1486207        22718635.4463        3699497.94109        459891.568862        1388959.87600               7505032        226943740   50605563.1758        167388474.269        137897504.980        61287.5914613        14174449.0638        2093583.50817        280967.122329        817287.308174               6217476        228231296   38678743.9683        99109892.4770     
            1610        239416798   218454661.026        74325.3584763        22742633.5928        3694220.55027        459218.931031        1402187.44256               7314254        231419647   49296298.4737        169118988.652        138836499.067        60226.9907714        14285325.7537        2183903.91800        282571.837001        833913.953853               6052242        232681659   37632017.5872        101112846.903     
            1620        243370364   218779004.785        72849.9038246        22750324.2605        3676506.00254        456917.988963        1415857.22391               7130390        235575702   48034512.1981        170714071.391        139616837.451        58946.5740877        14366626.4065        2253094.44717        284303.603011        849587.782624               5887529        236818563   36590354.8594        102950390.554     
            1630        247034911   219029235.851        70982.6150781        22748710.7247        3648563.78032        453229.236579        1428078.88477               6954017        239435449   46823140.1623        172182013.175        140268483.538        57153.5173115        14441553.8573        2303176.39907        285237.561891        863385.820879               5723693        240665773   35560094.2063        104645977.822     
