  # Orbital no.         Normalised occupation
              1                  0.0087707712
              2                  0.0085931447
              3                  0.0087967259
              4                  0.0087963408
              5                  0.0079962012
              6                  0.0079744221
              7                  0.0009307669
              8                  0.0085292686
              9                  0.0003747718
             10                  0.0087346186
             11                  0.0002908055
             12                  0.0087681489
             13                  0.0086773215
             14                  0.0087697332
             15                  0.0014575781
             16                  0.0087154263
             17                  0.0037014630
             18                  0.0086853927
             19                  0.0086160297
             20                  0.0020970778
             21                  0.0087954991
             22                  0.0084847432
             23                  0.0085626723
             24                  0.0086176641
             25                  0.0087108091
             26                  0.0087130841
             27                  0.0087436461
             28                  0.0086502292
             29                  0.0087978240
             30                  0.0087763575
             31                  0.0086027783
             32                  0.0087191981
             33                  0.0086794978
             34                  0.0083832487
             35                  0.0007591233
             36                  0.0087768981
             37                  0.0022935975
             38                  0.0077665998
             39                  0.0083021450
             40                  0.0087258692
             41                  0.0087352756
             42                  0.0021855695
             43                  0.0087477544
             44                  0.0078351757
             45                  0.0087484680
             46                  0.0086889436
             47                  0.0087584598
             48                  0.0006697800
             49                  0.0087541956
             50                  0.0086367916
             51                  0.0088354965
             52                  0.0000370228
             53                  0.0088238146
             54                  0.0088154000
             55                  0.0087782258
             56                  0.0087026722
             57                  0.0086551453
             58                  0.0003542802
             59                  0.0005463373
             60                  0.0086738146
             61                  0.0087290268
             62                  0.0087271570
             63                  0.0087535798
             64                  0.0086975387
             65                  0.0087510952
             66                  0.0086367163
             67                  0.0087495802
             68                  0.0083714207
             69                  0.0087265460
             70                  0.0055578218
             71                  0.0070394653
             72                  0.0013061850
             73                  0.0087385590
             74                  0.0086266499
             75                  0.0087392700
             76                  0.0036999313
             77                  0.0087964300
             78                  0.0088033491
             79                  0.0087724516
             80                  0.0087667617
             81                  0.0088045138
             82                  0.0088106773
             83                  0.0086366226
             84                  0.0087105834
             85                  0.0083820440
             86                  0.0085979296
             87                  0.0086484539
             88                  0.0006048982
             89                  0.0030678296
             90                  0.0081620600
             91                  0.0087635209
             92                  0.0001967807
             93                  0.0048428048
             94                  0.0085359239
             95                  0.0087069831
             96                  0.0087880085
             97                  0.0087881712
             98                  0.0087968584
             99                  0.0077362265
            100                  0.0087357095
            101                  0.0013028005
            102                  0.0087515971
            103                  0.0026875754
            104                  0.0086294270
            105                  0.0084351379
            106                  0.0007486105
            107                  0.0084123185
            108                  0.0006679875
            109                  0.0085589420
            110                  0.0084942609
            111                  0.0088268740
            112                  0.0088321763
            113                  0.0087879985
            114                  0.0001388661
            115                  0.0087870350
            116                  0.0002217892
            117                  0.0002639061
            118                  0.0002531869
            119                  0.0003577684
            120                  0.0003885223
            121                  0.0087810936
            122                  0.0001684761
            123                  0.0087972550
            124                  0.0087981177
            125                  0.0002139346
            126                  0.0002051718
            127                  0.0081483223
            128                  0.0083552600
            129                  0.0009911187
            130                  0.0084404968
            131                  0.0087958592
            132                  0.0004488381
            133                  0.0083150430
            134                  0.0079229206
            135                  0.0054179278
            136                  0.0086669449
            137                  0.0076994084
            138                  0.0087032414
            139                  0.0087459242
            140                  0.0087878577
            141                  0.0087096630
            142                  0.0005040040
            143                  0.0084998905
            144                  0.0086113714
            145                  0.0003768844
            146                  0.0087513753
            147                  0.0010064303
            148                  0.0010147578
            149                  0.0001634262
            150                  0.0087976761
            151                  0.0087754240
            152                  0.0004128529
