     -434746914802517313     5550112251656009535                 6479798
     -434740317733324099    -3673259785198766273                14868214
     -219130468397303041    -3674385684971391169                 6479862
     -219130468393108801    -3656371286461907169                 6479606
     -219128269369853249    -3674385633431781609                 6479862
     -434740575431378241    -3673259733659156705                 6479862
     -434740317735372097    -3673259785198766273                 6479806
     -219130468393370945    -2521464180364544193                 6479862
     -219130468393108801    -3656371286461907169                 6479798
     -219130468393108737    -3674385684971389153                 6479798
     -219130468392518977    -3674385684971389153                 6479796
     -434740386452735297    -3673259785198766209                 6479542
     -434740317733340513    -3673259785198766273                 7004150
     -434740317732750657     5550112251656011551                 6479798
     -434738127300019521    -3673259785198766273                 6479862
     -219130545702520129    -3674385684971389057                 6479862
     -219130537112520001    -8286071703398776993                 6479862
     -219130468395140417    -8286071703398779073                 6479870
     -219130468393092417    -8286071703398779073                 6479862
     -219130468393043265    -8286071703423942881                 6479862
     -434746914803107139    -3673259785198764257                14868470
     -434740317741139265    -3673259785198764257                 6479798
     -434740317733340417    -3673259785198764257                 6479798
     -434740317733324099    -3673259785198764257                14868214
     -219130468397303105    -3674385684971391169                 6479863
     -219130468397303041    -3674385684971389153                 6479862
     -219130468392584513    -3674385684971391169                 6479734
     -434746914803041617    -3673259785198764257                 6741942
     -434740575431378241    -3673259733659158721                 6479862
     -434740317735372097    -3673259785198764257                 6479806
     -434740317732750657    -3673259733659156705                 6479766
     -219130468393108801    -3674385684996554977                 6479862
     -219130468393108801    -3674385633431783617                 6479862
     -219130468393108801    -3656371286461909185                 6479798
     -219130468393092417    -3674385684971391169                 6479798
     -219130468393043265    -3674385684996554977                 6479798
     -219128269369853249    -3674385684971391177                 6479862
     8788633918144690879    -3673259785198764257                 6479862
     -434746914803041601    -3673259733659158721                 6479798
     -434740317737534785    -3673259785198766273                 6479863
     -434740317733324097    -3673259733659158721                 6479606
     -434740317732734273     5550112251656009535                 6479542
     -254596384178062657    -3674385684971391105                 6479798
     -219130468393108929    -3638356887952427201                 6479862
     -219130468393108817    -3674385633431783617                 6742006
     -434746914802517313    -3673259785198764257                 6479766
     -434740386452751681    -3673259785198764193                 6479798
     -434740317732816193    -3673259785198766273                 6479734
     -434740317732750657    -8284945803626152161                 6479830
     -219130605832062209    -3674385684971389025                 6463478
     -219130605831996737    -3674385633431783489                 6479798
     -219130468393108833    -3674385684971391169                 7004150
     -219130468393108801    -3638356887952425185                 6479350
     -219130468393043265    -3674385684971389153                 6479783
     -434747172501079361    -3673259785198766273                 6479798
     -434746914803041617    -3673259785198766273                 6741942
     -434740317741204801    -3673259785198766273                 6479862
     -434740317733602625    -2520338280591919297                 6479862
     -434740317732750657    -3673259733659158721                 6479766
     -219130605832062273    -3674385684971391041                 6479862
     -219130605831537985     5548986351883384767                 6479862
     -219130468393108833    -3674385427273353409                 7004150
     -434746914802517313    -3673259785198766273                 6479766
     -434740318807082241    -3673259785198766273                 6479862
     -434740317732816225    -3673259785198766273                 7004118
     -434740317732750657    -8284945803626154177                 6479830
     -219137065462875457    -3674385633431781601                 6479862
     -219137065462793537    -8286071703398777057                 6479798
     -219130468393108833    -3674385633431783617                 7004150
     -219130468393108801    -3674385684971389153                 6479862
     -219130468393043265    -2521464180364544193                 6479782
     -219130468392584513    -3674385684971391169                 6479860
     -434740317741204801    -3673259785198764257                 6479862
     -434740317733340513    -3673259733659158721                 7004150
     -434740317733340481    -3673259785198764257                 6479847
     -434740317733340481    -1367416775985072321                 6479830
     -219130605831996737    -3674385684971391041                 6479798
     -219130468393108801    -1368542675757695201                 6479830
     -219130468393043265    -3656371286461907169                 6479542
     -867085881960842561    -3673259785198766273                 6479798
     -434740317733340481    -8284945803626154177                 6479863
     -434740317733275073    -3673259785198766273                 6487990
     -434740317732816193     5550112251656011551                 6479862
     -219130469466850561    -3674385684971389153                 6479862
     -219130468393305409    -2521464180364544193                 6479798
     -219130468393108801    -3674385684971391169                 6479862
     -219130468393026881    -8286071703398777057                 6479606
     -219128269369853249    -3674385633431783649                 6479862
     -434746914803090753    -3673259785198764257                 6479606
     -434746914803041601    -3673259785198766273                 6479798
     -434740317733274961    -3673259785198766273                 6741942
     -434740317733274881    -3673259785198766273                 6479542
     -219137065462793537    -8286071703398779073                 6479798
     -219130605832062305    -3674385684971391041                 7004150
     -219130537112585537    -3674385684971389089                 6479862
     -219130468397237569    -3674385684971391169                 6479799
     -219130468393108803    -3674385684971389153                14868470
     -219130468393026881    -8286071703398777057                 6479798
     -219128269369787713    -3674385684971389161                 6479798
     -434746914803090753    -3673259785198766273                 6479606
     -434740317733340481    -3673259785198766273                 6479847
     -219130468395205953    -3674385684971389153                 6479870
     -219130468393043265    -3674385684971389153                 6455222
     -219130468393043201    -3674385684971391169                 6463414
     -219128269369787713    -8286071703398779105                 6479862
     -434740386452800833    -3673259785198766209                 6479606
     -434740386452751697    -3673259785198766209                 6741942
     -434740386452292929    -3673259785198766209                 6479830
     -434740317733340609    -3637230988179800289                 6479862
     -434740317733340481    -3673259785223932097                 6479862
     -434599580244985153    -3673260334954580161                 6479862
     -219130468393043265    -3638356887952427201                 6479286
     -219130468393026881    -8286071703398779073                 6479606
     -434740575431312705    -3673259733659158721                 6479798
     -434740455172293953    -3673259733659158593                 6479862
     -434740317733324097    -3673259785198766273                 6479591
     -434740317733274945    -1367416775985072321                 6479766
     -434599580244919617    -3673259785735635169                 6479798
     -219130468393043265    -3656371286461909185                 6479542
     -219130468393026881    -8286071703398779073                 6479798
     -219128277959722305    -3674385684971389153                 6479798
     -434740317750117697    -3668756185571395777                 6479862
     -219130537112520001    -3674385633431783553                 6479798
     -219130468393043201    -3674385684971389153                 6463414
     -219130468392584513    -3674385684971389153                 6479860
     -434740317733274945    -3655245386689284289                 6479542
     -434738118710084961    -3673259785198766305                 7004150
     -219130537112585537    -3674385684971391105                 6479862
     -434740317733274961    -3673259733659156705                 6741942
     -434740317732750673    -3673259785198764257                 6741910
     -434599580244919617    -3673259785735637185                 6479798
     -254596315458585921    -8286071703398777057                 6479862
     -254596315458127169    -3674385684971391169                 6479830
     -219130468393108801    -3674385684971389123                 6479862
     -434740455172228417    -3673259785198766145                 6479798
     -434740455172228417    -3673259785198764129                 6479798
     -434740317733340513    -3673259733659156705                 7004150
     -434740317733324097    -3673259733659156705                 6479606
     -434740317733274945    -3673259733659158721                 6479798
     -434740317732799809    -3673259785198766273                 6479574
     -434740317732799809    -3673259785198764257                 6479604
     -434738118710084929    -3673259785198766305                 6479862
     -219130537112520001    -3674385684971391105                 6479798
     -219130476982977857    -3674385633431781569                 6479798
     -219130468393108929    -3674385684971389153                 6488054
     -435303250506892609    -3674385684971389153                 6479862
     -434740317733274947    -3673259785198766273                14868406
     -434740317733258561    -8284945803626154177                 6479606
     -219130468393108817    -3674385684971389153                 6742006
     -219130468393108801    -3674385684971389633                 6479862
     -219130468393108801    -3674385684971389153                 6455286
     -219130468393108801    -3674383485981690049                 6479862
     -219130468393043265    -3674385684996556993                 6479798
     -434740317741139265    -3673259785198766273                 6479798
     -434740317733602625    -2520338280591917281                 6479862
     -434740317733340497    -3673259785198766273                 6742006
     -434740317733340481    -3655245386689282273                 6479606
     -434740317732799809    -3673259785198766273                 6479604
     -434738118709560641     5550112251656009527                 6479862
     -219130605831996737    -8286071703398776929                 6479862
     -219130476982977857    -3674385684971389121                 6479798
     -219130468393043393    -3638356887952427201                 6479798
     -434740326323275073    -3673259785198764225                 6479862
     -434740317733340609    -3673259785198766273                 6488054
     -434740317732816195    -3673259785198764257                14868438
     -434738118709495105     5550112251656009503                 6479798
     -219137065462809921    -3674385684971389153                 6479798
     -219130468395140417    -3674385684971391169                 6479806
     -219130468393092417    -8286071703398777057                 6479862
     -219130468393026881    -3674385684971391169                 6479782
     -434740317766894913    -3664252585944025281                 6479862
     -434740317737534785    -3673259785198764257                 6479863
     -434740317733258561    -8284945803626152161                 6479606
     -434738118710003009    -3673259785198766305                 6479542
     -254602912528418113    -3674385684971389153                 6479862
     -219130537112585569    -3674385684971391105                 7004150
     -219130468393043265    -3674385633431781601                 6479798
     -434746914802582849     5550112251656011551                 6479862
     -434740317733324097    -3673259785198766273                 6479846
     -434740317732816209    -3673259785198764257                 6741974
     -434738118709560641     5550112251656009503                 6479862
     -219130468395140417    -3674385684971389153                 6479806
     -219130468393026881    -3674385684971389153                 6479782
     -867085881960908097    -3673259785198766273                 6479862
     -434746914803107139    -3673259785198766273                14868470
     -434740326322750785    -3673259785198764225                 6479830
     -434740317733340481    -3655245386689284289                 6479798
     -434740317733274945    -3673259785198766273                 6479798
     -434740317733274945    -3673259785198764227                 6479798
     -434740317732734273    -3673259785198764257                 6479510
     -434738118710003009    -3673259785198766281                 6479542
     -219130468409886017    -3669882085344020673                 6479862
     -219130468397237569    -3674385684971391169                 6479862
     -219130468393108737    -3674385684971391169                 6479798
     -219130468393043297    -8286071703398777057                 7004150
     -219130468393043265    -3674385684971389153                 6479798
     -434740455172228417    -3673259733659158593                 6479798
     -434740317766894913    -3664252585944023265                 6479862
     -434740317733340513    -3673259785198764257                 7004150
     -434740317733324097    -3673259785198764257                 6479798
     -219130468400907585    -8286071703398779073                 6479862
     -219130468393108801    -2521464180364544193                 6479846
     -434738118710019393    -3673259785198764265                 6479798
     -219130468393043265    -8286071703398777057                 6479847
     -218567535619032385    -3673259785198766273                 6479830
     -434740386452817217    -3673259733659158657                 6479862
     -434740317733340481    -3673259785198764257                 6479862
     -434740317733274945    -3673259785198764257                 6479798
     -219130468397237569    -3674385684971389153                 6479862
     -219130468393092417    -3674385684971389153                 6479606
     -219130468392584513    -3674385684971389153                 6479830
     -434746914803107137    -3673259785198764257                 6479847
     -434746914803041601    -8284945803626152161                 6479862
     -434746914802582849     5550112251656009535                 6479862
     -434740317737469249    -3673259785198764257                 6479799
     -434740317733324097    -3673259785198764257                 6479846
     -434740317733274977    -3673259785198764257                 7004086
     -219130605832062273    -3674385684971389121                 6479862
     -219130605831996737    -3674385684971389121                 6479798
     -219130468393108801    -3674385684971653313                 6545398
     -219130468392584513     5548986403422992191                 6479862
     -434746914803107137    -3673259785198764257                 6479862
     -434740317733339457    -3673259785198766273                 6479606
     -254596315458651457    -3674385633431781601                 6479862
     -219130468400973121    -3674385684971389153                 6479862
     -434747172501079361    -3673259785198764257                 6479798
     -434740317733537089    -2520338280591919297                 6479798
     -434740317733340481    -3673259785198766273                 6479862
     -434740317733340481    -2520338280591919297                 6479846
     -434738127299953985    -3673259785198764257                 6479798
     -254602912528352577    -3674385684971391169                 6479798
     -254594116435395905    -3674385684971391201                 6479862
     -219130605831996737    -3674385633431781473                 6479798
     -219130468393043393    -3674385684971391169                 6487990
     -219130468393043297    -3674385684971391169                 7004086
     -219130468393043265    -3674385633431783617                 6479798
     -434740317737469249    -3673259785198766273                 6479799
     -434740317732750657    -3673259785198766273                 6479796
     -254596315458651393    -3674385684971389153                 6463478
     -219137065462809921    -3674385684971391169                 6479798
     -219130605831537985    -3674385684971391041                 6479860
     -219130476985140545    -3674385684971389121                 6479870
     -219130468426663233    -3665378485716650177                 6479862
     -219130468393043281    -3674385684971391169                 6741942
     -219130468392584513     5548986351883384639                 6479862
     -435162530198406465    -3673259785198764257                 6479862
     -434746914803107137    -3673259733659158721                 6479862
     -434746914803025217    -3673259785198766273                 6479542
     -434740386452817233    -3673259785198766209                 6742006
     -434740317750117697    -3668756185571393761                 6479862
     -434740317733340417    -3673259785198766273                 6479606
     -434740317733274977    -3673259733659158721                 7004086
     -434738118710084929    -3673259733659158729                 6479862
     -254596315458585921    -3674385633431783617                 6479798
     -219130537112585553    -3674385684971389089                 6742006
     -219130468393108801    -3674385684971389153                 6479799
     -219130468393043265    -3674385684971389633                 6479798
     -434746914803107137    -3673259785223932097                 6479862
     -434740592611247425    -3673259785198766209                 6479862
     -434740455171769665    -3673259785198766145                 6479830
     -434740317733274945    -3673259733659156705                 6479798
     -434740317733258561    -3673259733659158721                 6479542
     -434740317732750657    -3673259785198764257                 6479796
     -219130468400973121    -3674385633431783617                 6479862
     -219130468397237569    -8286071703398777057                 6479863
     8788631719121435327    -3673259785198764225                 6479862
     -434746914803025217    -3673259785198764257                 6479542
     -434740575431312721    -3673259785198764257                 6741942
     -434740317733340481    -3673250989139296481                 6479862
     -434740317733324113    -3673259785198764257                 6741750
     -434740317732750673    -3673259785198766273                 6741910
     -254596315458585921    -8286071703398779073                 6479862
     -254596315458127169    -3674385684971389153                 6479830
     -219130468392518977    -8286071703398779073                 6479830
     -434740386452751681    -3673259733659158657                 6479798
     -434740317733258561    -3673259733659156705                 6479542
     -434740317732816209     5550112251656011551                 6742006
     -254596315458651457    -3674385684971389153                 6479862
     -219130468395205953    -3674385684971391169                 6479870
     -219130468393108803    -3674385633431783617                14868470
     -219130468393043265    -3674385684971456705                 6545334
     -434740575431312705    -3673259733659156705                 6479798
     -434740575430853953     5550112251656009535                 6479862
     -434740317733340481    -3673259785198766273                 6455286
     -434740317733274945    -3673259785198766273                 6479783
     -434599580244985153    -3673260334954578145                 6479862
     -219130468393108803    -3674385684971391169                14868470
     -219130468393043281    -8286071703398777057                 6742006
     -219130468392518977    -8286071703398777057                 6479830
     -219130468392518977    -3674385684971391169                 6479766
     -218574132689323329    -3673259785198766273                 6479862
     -434740455172293953    -3673259785198764225                 6479862
     -434740455172228417    -3673259785198764225                 6479798
     -434740386452751681    -3673259785198766209                 6479798
     -434740386452227393    -3673259785198766209                 6479766
     -434738376408122689    -3673259785198766305                 6479862
     -219130476983043393    -3674385633431781569                 6479862
     -219130468393043265    -3638356887952425185                 6479286
     -434740317733340481    -3673259785198764257                 6455286
     -434740317733258577    -3673259785198766273                 6741686
     -219130468393043281    -3674385633431781601                 6741942
     -219130468393043265    -3674385684971391169                 6455222
     -218567518439687489    -3674385684971391201                 6479862
     -218567518439621953    -3674385684971391201                 6479798
     -434746914803041601    -3673259785198764257                 6479798
     -434740317732816193     5550112303195617087                 6479862
     -434738118710019393    -3673259785198766305                 6479798
     -219130605831996737    -8286071703398777025                 6479862
     -219130537112585553    -3674385684971391105                 6742006
     -219130468393108833    -3674385633431781601                 7004150
     -219130468392518977    -3674385684971389153                 6479766
     -218989730904753473    -3674386234727203041                 6479862
     -218574132689323329    -3673259785198764257                 6479862
     -434746914803107153    -3673259785198764257                 6742006
     -434740317733274945    -8284945803626152161                 6479862
     -434740317733258561    -3673259785198764257                 6479542
     -254596315458651457    -3674385684971391169                 6479862
     -219130605834159425    -3674385684971391041                 6479870
     -219130468393043281    -8286071703398779073                 6742006
     -434746914803107137    -3655245386689284289                 6479606
     -434740317732816193     5550112251656009535                 6479862
     -219130468393108833    -3674385684971389153                 7004150
     -219130468393043393    -8286071703398779073                 6488054
     -219130468393043281    -3674385633431783617                 6741942
     -434740575430788417    -3673259785198764257                 6479766
     -219130468393108545    -3674385684971653313                 6479862
     -434746914803107137    -3673259733659156705                 6479862
     -434740575431312705    -3673259785198764257                 6479798
     -434740317733340481    -3673250989139298497                 6479862
     -434740317733324113    -3673259785198766273                 6741750
     -434740317733274977    -3673259733659156705                 7004086
     -434740317733258561    -3673259785198766273                 6479542
     -434738376408057153    -3673259785198766305                 6479798
     -219130476983043393    -3674385684971389121                 6479862
     -219130469466850625    -3674385684971391169                 6545398
     -219130468426597697    -3665378485716650177                 6479798
     -219130468393043265    -8286071703398777057                 6479862
     -219128277959787841    -3674385684971389153                 6479862
     -434740317733328193    -3673259785198764257                 6479862
     -434740317733274945    -3673250989139296481                 6479798
     -434740317733274881    -3673259785198766273                 6463414
     -254596315458585921    -3674385684971391169                 6479798
     -219130605831996753    -3674385684971391041                 6741942
     -219130468397303105    -3674385684971389153                 6479863
     -219130468393043281    -3674385684971389153                 6741942
     -219130468393043265    -3674385684971391169                 6479783
     -434740575430788417    -3673259785198766273                 6479766
     -434740317733340481    -3637230988179802305                 6479830
     -219137065462809921    -3674385633431783617                 6479798
     -219130537112585537    -3674385684996556929                 6479862
     -219130537112061249    -3674385684971391105                 6479830
     -219130468393370945    -2521464180364542177                 6479862
     -219130468393108737    -3674385684971389153                 6475766
     -219130468393043393    -3674385684971389153                 6487990
     -219130468393043265    -8286071651859169505                 6479862
     -219130468392518977    -8286071703398779073                 6479860
     -219130468392518977     5548986351883384639                 6479798
     -434746914803041601    -3673259733659156705                 6479798
     -434738118710084929    -3673259785198764265                 6479862
     -254596315458651457    -3674385633431783617                 6479862
     -219130605832062209    -3674385684971391041                 6463478
     -219130472688076097    -3674385684971389089                 6479862
     -219130468393108801    -3674385701882824897                 6479862
     -219130468393092417    -3674385684971389153                 6479798
     -434740317733340417    -3673259785198766273                 6479798
     -434740317733274881    -3673259785198764257                 6463414
     -219137065462809921    -8286071703398777057                 6479862
     -219130605831996769    -3674385684971391041                 7004086
     -219130605831996737    -3674385684971389025                 6479798
     -219130476982977857    -8286071703398777025                 6479862
     -219130468393043297    -3674385684971389153                 7004086
     -219130468393043265    -3674385684971653313                 6545334
     -219130468393043265    -3674385684971391169                 6479798
     -434747172501144897    -3673259785198766273                 6479862
     -434746914803107137    -3673259785198766273                 6479862
     -434740386452817233    -3673259785198764193                 6742006
     -434740317733324129    -3673259785198766273                 7003894
     -434740317733274945    -3673259785198764737                 6479798
     -434740317732799809     5550112251656011551                 6479606
     -434738376408122689    -3673259785198766281                 6479862
     -434738118710084929    -3673259785198766281                 6479862
     -219137202901828929    -3674385684971391041                 6479862
     -219130468400973121    -3674385684971391169                 6479862
     -219130468393092417    -3674385684971391169                 6479846
     -219130468393043265    -8286071703423944897                 6479862
     -219130468392518977     5548986351883386655                 6479798
     -219128406808806721    -3674385684971391049                 6479862
     -434740386452817249    -3673259785198766209                 7004150
     -434740317733274977    -3673259785198766273                 7004086
     -219130537112585569    -3674385684971389089                 7004150
     -219130537112520001    -8286071703398779009                 6479862
     -434746914802582849    -3673259785198766273                 6479860
     -434740317733340483    -3673259785198766273                14868470
     -434740317733340481    -3673259733659158721                 6479862
     -219130476983043393    -3674385684971391041                 6479862
     -434747172501144897    -3673259785198764257                 6479862
     -434746914803107169    -3673259785198764257                 7004150
     -434740317735437633    -3673259785198766273                 6479870
     -434740317733340497    -3673259733659158721                 6742006
     -434740317732799809     5550112251656009535                 6479606
     -219130605832062289    -3674385684971389025                 6742006
     -219130468393043297    -8286071703398779073                 7004150
     -434746914803107073    -3673259785198766273                 6463478
     -434740455172293969    -3673259785198766145                 6742006
     -434740455172293953    -3673259785198764129                 6479862
     -434740317732816209    -3673259785198766273                 6741974
     -254596324048586049    -3674385684971389121                 6479862
     -219130472688076097    -3674385684971391105                 6479862
     -219128269369787713    -3674385633431783649                 6479798
     -434740317733340481    -3673259733659156705                 6479862
     -434740317733324097    -3673259785223930081                 6479606
     -434740317733274945    -3673259785223932097                 6479798
     -434740317732816193    -3673259785198764257                 6479830
     -219130468409820481    -3669882085344020673                 6479798
     -219130468393108929    -3638356887952425185                 6479862
     -219130468393108817    -3674385633431781601                 6742006
     -219130468393092417    -3674385684971389153                 6479846
     -219130468393043265    -8286071703398777537                 6479862
     -218989730904687937    -3674385685508262081                 6479798
     -218567535619491137    -3673259785198766273                 6479798
     -434740386452817217    -3673259785198766209                 6479862
     -434740317735437633    -3673259785198764257                 6479870
     -434740317733340481    -3673257586177607873                 6479862
     -434740317733324097    -3673259785198764257                 6479606
     -434738118710068545    -3673259785198766281                 6479606
     -434738118709560641    -3673259785198766281                 6479830
     -254602912528418113    -3674385684971391169                 6479862
     -219137065462809921    -8286071703398779073                 6479862
     -434740317733340483    -3673259785198764257                14868470
     -434740317733340481    -3655245386689284289                 6479606
     -434740317732734273    -3673259785198766273                 6479510
     -219130537112585473    -3674385684971391105                 6463478
     -219130468409886017    -3669882085344018657                 6479862
     -219130468393108801    -3656371286462171329                 6479862
     -219128269369787713    -8286071703398779081                 6479862
     -219128269369787713    -3674385684971391201                 6479798
     -218567535619556673    -3673259785198766273                 6479862
     -434740712870331713    -3673259785198766145                 6479862
     -434740317732816195    -3673259785198766273                14868438
     -254594116435395905    -3674385684971391177                 6479862
     -219130537112585537    -3674385633431783553                 6479862
     -219130468393108801    -3674385684971391169                 6455286
     -219130468393108737    -3674385684971391169                 6475766
     -219130468393043265    -8286071651859171521                 6479862
     -218989730904753473    -3674385685508260065                 6479862
     -218989730904687937    -3674385685508260065                 6479798
     -434740455172293953    -3673259785198766145                 6479862
     -434740317733340481    -3673259802110200001                 6479862
     -434740317733258561    -8284945803626152161                 6479798
     -434740317732799809    -3673259785198764257                 6479574
     -219130468393043265    -3674385684971389123                 6479798
     -434740575431361857    -3673259785198764257                 6479606
     -434740575431312705    -3673259785198766273                 6479798
     -434740575430853953    -3673259785198764257                 6479830
     -434740317733274947    -3673259785198764257                14868406
     -434740317732816193    -3673259733659158721                 6479860
     -219137065462875393    -3674385684971389153                 6463478
     -219130605831996737    -8286071703398778945                 6479862
     -219130468393043265    -8286071703398779073                 6479862
     -219130468393043265    -1368542675757697217                 6479766
     -218567535619556673    -3673259785198764257                 6479862
     -470766915728983361    -3673259785198766273                 6479798
     -434740386452817217    -3673259785198764193                 6479862
     -434740326323275073    -3673259733659156673                 6479862
     -434740317733340481    -2520338280591917281                 6479606
     -219130468393108737    -3674385633431781601                 6463478
     -434740317733324097    -8284945803626152161                 6479862
     -434740317733274961    -3673259733659158721                 6741942
     -434740317733258561    -8284945803626154177                 6479798
     -434740317732816193    -3673259733659156705                 6479830
     -254596452897539393    -3674385684971391041                 6479798
     -219130537112503617    -8286071703398779009                 6479798
     -219130468400907585    -3674385684971391169                 6479798
     -434740317733274945    -8284945803626154177                 6479862
     -434740317732816193    -3673259785198764257                 6479734
     -219130605831996737    -8286071651859171393                 6479862
     -219130537112585537    -3674385633431781537                 6479862
     -219130468426663233    -3665378485716648161                 6479862
     -219130468393108737    -3674385684971389153                 6463478
     -434746914802582849    -3673259785198766273                 6479830
     -434740317733340481    -3637230988179802305                 6479350
     -434738118709495105    -3673259785198766305                 6479766
     -219130605832062273    -3674385684971389025                 6479862
     -219130605831980353    -8286071703398778945                 6479798
     -219128269369853249    -3674385684971391201                 6479862
     -434738118710084929    -3673259785198766275                 6479862
     -434599580244985153    -3673259785735635169                 6479862
     -219137074052810049    -3674385684971389121                 6479862
     -434740317733340481    -3673259785223930081                 6479862
     -434740317733340417    -3673259785198764257                 6463478
     -434740317733274961    -3673259785198764257                 6741942
     -434740317732816193    -3673259785198766273                 6479860
     -434740317732750659    -3673259785198766273                14868374
     -219130605831996673    -3674385684971391041                 6463414
     -434740317733340481    -3637230988179800289                 6479350
     -434740317733340417    -3673259785198766273                 6463478
     -434740317733275073    -3673259785198764257                 6487990
     -434740317733274945    -3673259785198764257                 6479783
     -434740317732816193    -3673259785198764257                 6479860
     -434740317732750659    -3673259785198764257                14868374
     -434740317732734273    -3673259785198764257                 6479540
     -219130537112520001    -3674385684971389089                 6479798
     -219130468393108929    -3674385684971391169                 6488054
     -434740317733274881    -3673259785198764257                 6479542
     -219130468393108817    -3674385684971391169                 6742006
     -219130468393108801    -3674385633456949441                 6479862
     -219128269369787713    -3674385684971391177                 6479798
     -434746914802582849    -3673259785198764257                 6479830
     -434740317733340481    -8284945803626152161                 6479863
     -434738118709560641    -3673259785198766305                 6479830
     -434599580244985153    -3673259785735637185                 6479862
     -219130469466850561    -3674385684971391169                 6479862
     -219130468393043265    -3674385684971653313                 6479862
     -219128269369853265    -3674385684971391201                 6742006
     -434740575431378241    -3673259785198766273                 6479862
     -434740317733340497    -3673259785198764257                 6742006
     -434740317733340481    -1367416775985070305                 6479830
     -434740317732734273     5550112251656011551                 6479542
     -254596452897604929    -3674385684971391041                 6479862
     -254596315458651473    -3674385684971391169                 6742006
     -254596315458585921    -3674385684971389153                 6479798
     -219130605832062273    -3674385633431781473                 6479862
     -219130468393108801    -3674385684971389153                 6479847
     -219130468393108801    -1368542675757697217                 6479830
     -219130468393108737    -3674385684971391169                 6463478
     -219130468392518977      937300333455996735                 6479862
     -434740318807082241    -3673259785198764257                 6479862
     -434740317733340609    -3673259785198764257                 6488054
     -434740317733340481    -3673259785198764233                 6479862
     -434740317733324097    -8284945803626154177                 6479862
     -434740317732816225    -3673259785198764257                 7004118
     -434740317732750657    -3673259785198766273                 6479766
     -219137065462875457    -3674385633431783617                 6479862
     -219130468400907585    -3674385684971389153                 6479798
     -434740575431378241    -3673259785198764257                 6479862
     -434740575430853953    -3673259785198764257                 6479860
     -434740317733340417    -3673259785198764257                 6479606
     -434740317732816193    -3673259733659158721                 6479830
     -254596315458585921    -3674385633431781601                 6479798
     -219137065462351169    -3674385684971391169                 6479860
     -219130468393108737    -3674385633431783617                 6463478
     -434740575431361857    -3673259785198766273                 6479606
     -434740317733274945    -3655245386689282273                 6479542
     -254596315458651393    -3674385684971391169                 6463478
     -219130468393108801    -3674385684971391169                 6479847
     -219130468393108801    -3638356887952427201                 6479350
     -219130468392584513     5548986351883386655                 6479862
      -75015280451470657    -3674385684971389153                 6479862
     -434746914803107153    -3673259785198766273                 6742006
     -434740575430853953    -3673259785198766273                 6479830
     -434740317732750657    -3673259785198764257                 6479766
     -219137065462875393    -3674385684971391169                 6463478
     -219130605832062289    -3674385684971391041                 6742006
     -219130468392584529    -3674385684971391169                 6741974
     -434746923393041729    -3673259785198764225                 6479862
     -434740317750052161    -3668756185571395777                 6479798
     -434740317733340481    -3673286173477832897                 6479862
     -254596452897604929    -3674385684971389025                 6479862
     -219137065462875457    -3674385684971389153                 6479862
     -219130605832062273    -3674385633431783489                 6479862
     -219130468393108801    -3674385684996556993                 6479862
     -219130468393108801    -3674385633431781601                 6479862
     -219130468393092417    -3674385633431783617                 6479606
     -219130468393026881    -3674385684971389153                 6479542
     -219130468392584513     5548986403422994207                 6479862
     -219128269369853249    -3674385684971389161                 6479862
     -218989730904753473    -3674385685508262081                 6479862
     -434740317733340497    -3673259733659156705                 6742006
     -219128269369787713    -8286071703398777065                 6479862
     -434740326323209537    -3673259785198764225                 6479798
     -219130468393108801    -3656371286461909185                 6479606
     -219130468393108737    -3674385684988168385                 6479862
     -219130468393092417    -3674385684971391169                 6479606
     -219130468392584513    -3674385684971391169                 6479830
     -434746914802517313     5550112251656011551                 6479798
     -434740317733340481    -3673259785198764227                 6479862
     -434740317733274945    -3673259785223930081                 6479798
     -434740317732816193    -3673259785198766273                 6479830
     -434740317732750657     5550112303195617087                 6479798
     -434738118710019393    -3673259785198766281                 6479798
     -219137065462875457    -3674385684971391169                 6479862
     -219130468393043265    -8286071703398779073                 6479847
     -219130468393043201    -8286071703398779073                 6463478
     -219130468393026881    -3674385684971391169                 6479542
     -218567535619491137    -3673259785198764257                 6479798
     -434740317733324097    -3673259785198766273                 6479798
     -434738118710084945    -3673259785198766305                 6742006
     -219130537112061249     5548986351883384703                 6479862
     -219130476982977857    -3674385684971391041                 6479798
     -219130468393043265    -8268057304889297089                 6479606
     -219130468392518977    -3674385684971391169                 6479796
     -219128269369853249    -3674385633431783625                 6479862
     -434740644150854977    -3673259785198764193                 6479862
     -434740317733340481    -3673259785198764737                 6479862
     -434740317733324097    -3673259785198766273                 6479606
     -434740317732750657     5550112251656009535                 6479798
     -434738127300019521    -3673259785198764257                 6479862
     -219130468393043267    -3674385684971391169                14868406
     -219130468393043267    -3674385684971389153                14868406
     -219130468393043201    -8286071703398777057                 6463478
