    -2305843009213693953      579486608303063039                       0
      -72057594037927937        3025855999639551                     256
       -9007199254740993       12033055254380543                       0
           -274877906945        4151755906482175                       0
             -4294967297       75083450037567487                       0
                -4194305        3025855999639551                   16384
                 -262145        3025855999639551                      16
                 -131073    -9220346180855136257                       0
                  -65537        3025855999639551                    1024
                   -8193        3025855999639551                      32
                   -1025        3025855999639551                      16
                     -17        3307330976350207                       0
                      -1        3025855865159423                  151552
      -36028797018963969      579486608303063039                       0
       -1125899906842625     1155947360606486527                       0
          -8796093022209       39054653018603519                       0
           -137438953473        3025855999639551                     128
             -2147483649        3025855999639551                    8192
              -268435457       21040254509121535                       0
               -67108865       75083450037567487                       0
                 -524289        3025855999639551                      32
                 -524289        3025855999639551                     128
                   -2049        3025855999639551                     512
                    -513      579486608303063039                       0
                      -1        3025855982862335                       4
                      -1        3025855999623167                  262144
     9223372036854775807        3025855999639551                    2048
      -36028797018963969        3025855999639551                    2048
      -36028797018963969       52565451899928575                       0
        -562949953421313        3025855999639551                       2
        -140737488355329       12033055254380543                       0
         -70368744177665     1155947360606486527                       0
            -68719476737    -4608382535741734913                  524288
            -17179869185     4614711874427027455                       0
             -1073741825        3307330976350207                       0
              -536870913      147141044075495423                       0
              -268435465        3307330976350207                  524288
               -33554433      147141044075495423                       0
                 -131073        3025855999639551                       8
                   -8193        3025855999639551                     512
                    -513    -9219361018503757825                       8
                     -65        3025855999639551                      16
                      -1        3025855982862335                  262144
           -549755813889        3025855999639551                      32
            -17179869185        3025855999639551                       1
                  -65537        3025855999639551                       4
                   -8193      147141044075495423                       0
                   -2049      147141044075495423                       0
                   -1025      291256232151351295                       0
                    -257      291256232151351295                       0
                     -33     2308868865213333503                       0
                      -3        3025855999639551                    2048
                      -1        3025855999574015                   65536
     9223372036854775807      579486608303063039                       0
    -1152921504606846977        3025855999639551                     256
        -562949953421313        3025855999639551                    8192
        -562949953421313     2308868865213333503                       0
         -35184372088833     2308868865213333503                       0
          -1099511627777        3096224743817215                       0
            -68719476737        7529455627010047                       0
             -8589934593        3025855999639551                    2048
                -8388609    -9220346180855136257                       0
                -4194305        3025855999639551                      64
                -2097153        3025855999639551                   32768
                 -524289        3025855999639551                     512
                 -262145        3025855999639551                       4
                 -131073        3025855999639551                   32768
                  -65537     4614711874427027455                       0
                   -1025        3025855999639551                       1
                   -1025        3025855999639551                       4
                    -257        3025855999639551                       4
                      -1        3025855999606783                  524288
                      -1        4151751611514879                       0
                      -1      579345870814707711                       0
               -16777217       75083450037567487                       0
                 -262145        3025855999639551                      64
                  -65537        3025855999639551                      64
                   -2049    -9220346180855136257                       0
                   -1025     4614711874427027455                       0
                    -257        3025855999639551                       1
                      -9        3025855999635455                      72
                      -1        3025855462768639                    2048
                      -1        3025855982862335                      16
                      -1        3025855999377407                   16384
                      -1        3025855999635455                   65536
                      -1      291256232151351279                       0
                      -1      579486608303063007                       0
                      -1      579486608303063037                       0
    -4611686018427387905      291256232151351295                       0
      -36028797018963969        3025855999639551                     128
       -4503599627370497        3025855999639551                      64
       -2251799813685249        3025855999639551                    8192
       -2251799813685249     2308868865213333503                       0
           -274877906945     4614711874427027455                       0
            -17179869185        3025855999639551                    1024
             -4294967297        3025855999639551                    1024
                -4194305      291256232151351295                       0
                 -524289        3025855999639551                       8
                 -131073        3025855999639551                      32
                    -257        3025855999639551                      64
                     -65        3025855999639551                       1
                     -65        3025855999639551                       4
                      -1        3025855999639549                    2048
                      -1       21022662323077119                       0
                      -1      291256231077609471                       0
       -9007199254740993        3025855999639551                     128
         -17592186044417     1155947360606486527                       0
          -4398046511105       21040254509121535                       0
           -549755813889       12031955742744575                      36
             -4294967297        3307330976350207                       0
             -2147483649      147141044075495423                       0
             -1073741825       21040254509121535                       0
                -1048577        3025855999639551                   16384
                 -131073        3025855999639551                     128
                   -4097       21040254509121535                       0
                     -65     4614711874427027455                       0
                     -17        7529455627010047                       0
                      -5     4614711874427027455                       0
                      -1        3025855999574015                    1024
                      -1        3025855999631359                  524288
                      -1       11997870882291711                       0
    -4611686018427387905        3025855999639551                    1024
     -144115188075855873        3025855999639551                      32
      -72057594037927937        4151755906482175                       0
           -549755813889    -9220346180855136257                       0
           -137438953473       12033055254380543                       0
              -536870913        3025855999639551                    8192
                -8388609        3025855999639551                   32768
                 -262145        3025855999639551                     256
                 -131073     2308868865213333503                       0
                  -65537        3025855999639551                   16384
                  -32769      579486608303063039                       0
                      -1        2462906046218239                      32
    -4611686018427387905        3025855999639551                      16
    -4611686018427387905        3096224743817215                       0
    -1152921504606846977      291256232151351295                       0
     -288230376151711745        3025855999639551                       4
      -18014398509481985        3025855999639551                      64
        -562949953421313       12033055254380543                       0
        -281474976710657     4614711874427027455                       0
          -4398046511105        4151755906482175                       0
                -4194305        3025855999639551                      16
                 -131073        3025855999639551                    8192
                   -1025        3025855999639551                     256
                    -513    -9220346180855136257                       0
                      -1        3025855999639551                       0
                      -1        7511863440965631                       0
     -288230376151711745      291256232151351295                       0
       -1125899906842625        3025855999639551                       4
          -8796093022209        3025855999639551                       8
            -34359738369        3025855999639551                       2
             -1073741825        3025855999639551                    4096
             -1073741825        7529455627010047                       0
              -536870913       39054653018603519                       0
              -268435457        3307330976350207                       0
                -8388609        3025855999639551                      32
                    -513        3025855999639551                       8
                    -129    -9220346180855136257                       0
                     -65        3025855999639551                     256
                     -17       21040254509121535                       0
                     -17     1155947360606486527                       0
                      -3        3025855999639551                     512
                      -1        3025855999377407                 1048576
                      -1       39019468646514687                       0
    -2305843009213693953        3025855999639551                     512
      -18014398509481985      291256232151351295                       0
       -1125899906842625     4614711874427027455                       0
         -17592186044417        4151755906482175                       0
          -8796093022209    -9220346180855136257                       0
           -274877906945        3025855999639551                      16
           -274877906945        3307330976350207                       0
               -16777217        3307330976350207                       0
                -8388609        3025855999639551                     128
                 -131073        3025855999639551                    2048
                  -16385      291256232151351295                       0
                    -513      147141044075495423                       0
                      -1        3025855966085119                 8388608
      -72057594037927937        3025855999639551                      16
         -70368744177665        3025855999639551                      64
         -17592186044417        3307330976350207                       0
          -2199023255553     2308868865213333503                       0
            -68719476737        3307330976350207                       0
            -34359738369     2308868865213333503                       0
            -17179869185     1155947360606486527                       0
             -4294967297       21040254509121535                       0
              -268435457       75083450037567487                       0
                  -65537        3025855999639551                    4096
                  -16385        3025855999639551                       4
                   -4097        3025855999639551                      16
                    -513        3025855999639551                     512
                    -129        3025855999639551                       8
                    -129      147141044075495423                       0
                      -1        3025855966085119                     128
                      -1        3025855999115263                   32768
                      -1     2308833680841244671                       0
     -576460752303423489        3025855999639551                    8192
     -288230376151711745        3307330976350207                       0
     -144115188075855873    -9220346180855136257                       0
      -18014398509481985        3025855999639551                    1024
       -4503599627370497        7529455627010047                       0
                -1048577     1155947360606486527                       0
                   -2049      579486608303063039                       0
                      -3        3025855999639551                  524288
                      -1        2885118511284223                       8
                      -1        3096224743817151                       0
    -2305843009213693953        3025855999639551                     128
          -1099511627777        3307330976350207                       0
            -34359738369        3025855999639551                    2048
              -134217729      147141044075495423                       0
               -33554433       39054653018603519                       0
                -4194305       21040254509121535                       0
                  -65537     1155947360606486527                       0
                  -16385        3025855999639551                      64
                      -1      291256232151351294                       0
        -140737488355329        3025855999639551                     128
           -549755813889       12033055254380543                       0
            -17179869185        7529455627010047                       0
             -2147483649       12033055254380543                       0
               -67108865        3307330976350207                       0
                -8388609       39054653018603519                       0
                -1048577        3025855999639551                   65536
                   -1025     1155947360606486527                       0
                    -513        3025855999639551                       2
                    -513        3025855999639551                     128
                      -1         774056185954303                    2048
                      -1       52565451899928567                       0
                      -1      579486608303062911                       0
     -576460752303423489      579486608303063039                       0
      -72057594037927937     4614711874427027455                       0
       -4503599627378689        3025855999639551                      66
        -562949953421313    -9220346180855136257                       0
        -281474976710657        7529455627010047                       0
         -35184372088833    -9220346180855136257                       0
         -17592186044417        3025855999639551                       4
             -8589934593      147141044075495423                       0
             -1073741825       75083450037567487                       0
               -16777217       21040254509121535                       0
                -8388609      579486608303063039                       0
                   -4097        3025855999639551                       1
                    -257        3096224743817215                       0
                    -257     1155947360606486527                       0
                    -129        3025855999639551                       2
                    -129        3025855999639551                      32
                      -1    -9220346180989353985                       0
                      -1        3025855999639547                    4096
                      -1       12030856231124991                       0
     9223372036854775807        3025855999639551                      32
        -140737488355329     2308868865213333503                       0
         -17592186044417     4614711874427027455                       0
          -4398046511105     4614711874427027455                       0
          -1099511627777        4151755906482175                       0
            -68719476737     4614711874427027455                       0
             -8589934593        3025855999639551                     512
                -4194305        7529455627010047                       0
                -2097153        3025855999639551                  131072
                 -524289        3025855999639551                  131072
                 -262145        3025855999639551                   65536
                  -16385        3025855999639551                     256
                   -8193     2308868865213333503                       0
                   -4097     4614711874427027455                       0
                    -513     2308868865213333503                       0
                     -33       12033055254380543                       0
                      -2        3025855999639551                  262144
                      -1        3025855966085119                       8
                      -1        3025855999508479                    2048
                      -1        3025855999508479                  131072
       -2251799813685249    -9220346180855136257                       0
         -35184372088833        3025855999639551                       8
          -4398046511105        3025855999639551                       4
            -34359738369       12033055254380543                       0
             -4294967297        3025855999639551                     256
              -268435457        3025855999639551                    4096
              -268435457        7529455627010047                       0
              -134217729        3025855999639551                       2
               -33554433        3025855999639551                     128
                   -4097        3025855999639551                      64
                      -9    -9220346180855136257                       0
                      -2        3096224743817215                       0
                      -1        2885118511284223                     128
                      -1        3025855966085119                  524288
       -1125899906842625        3025855999639551                    4096
        -281474976710657        4151755906482175                       0
        -281474976710657     1155947360606486527                       0
          -1099511627777     1155947360606486527                       0
           -274877906945        7529455627010047                       0
             -2147483649       39054653018603519                       0
               -67108865        3025855999639551                       1
                -2097153     2308868865213333503                       0
                  -65537        3025855999639551                      16
                  -32769        3025855999639551                     512
                   -8193        3025855999639551                       2
                   -8193        3025855999639551                     128
                   -2049        3025855999639551                       2
                   -2049        3025855999639551                      32
                      -9        3025855999639551                       8
                      -5        4151755906482175                       0
                      -2        3025855999639551                    1024
                      -1        3025855982862335                      64
                      -1        3025855997542399                     512
                      -1        3025855999635455                  262144
