  # Orbital no.         Normalised occupation
              1                  0.0080555854
              2                  0.0055482619
              3                  0.0085515882
              4                  0.0007246802
              5                  0.0085246781
              6                  0.0085079653
              7                  0.0009306357
              8                  0.0008835861
              9                  0.0082441125
             10                  0.0082104473
             11                  0.0079277229
             12                  0.0009566812
             13                  0.0008198917
             14                  0.0007718064
             15                  0.0085411540
             16                  0.0085039255
             17                  0.0081974562
             18                  0.0007915755
             19                  0.0082576840
             20                  0.0082089921
             21                  0.0084260631
             22                  0.0085042402
             23                  0.0084747031
             24                  0.0085322924
             25                  0.0025939622
             26                  0.0086013842
             27                  0.0044728073
             28                  0.0085447325
             29                  0.0082751967
             30                  0.0007681520
             31                  0.0008921495
             32                  0.0007741951
             33                  0.0068549680
             34                  0.0083047196
             35                  0.0084418707
             36                  0.0085885008
             37                  0.0085292523
             38                  0.0086427980
             39                  0.0081478810
             40                  0.0085720124
             41                  0.0084247441
             42                  0.0085480005
             43                  0.0083891386
             44                  0.0085620523
             45                  0.0080387998
             46                  0.0085001669
             47                  0.0085743690
             48                  0.0086085609
             49                  0.0085269166
             50                  0.0085117050
             51                  0.0083795942
             52                  0.0083997556
             53                  0.0083876417
             54                  0.0007293870
             55                  0.0084251662
             56                  0.0084230952
             57                  0.0084384435
             58                  0.0085570776
             59                  0.0086035258
             60                  0.0086123683
             61                  0.0086651248
             62                  0.0086829857
             63                  0.0086794960
             64                  0.0086718360
             65                  0.0087554200
             66                  0.0087595828
             67                  0.0087635059
             68                  0.0087552093
             69                  0.0087630304
             70                  0.0087721575
             71                  0.0087047725
             72                  0.0086751754
             73                  0.0087494849
             74                  0.0087495688
             75                  0.0087196088
             76                  0.0086967218
             77                  0.0087084995
             78                  0.0087367737
             79                  0.0086906467
             80                  0.0087195977
             81                  0.0086467542
             82                  0.0086807922
             83                  0.0086515016
             84                  0.0086574839
             85                  0.0087692932
             86                  0.0087816541
             87                  0.0087621598
             88                  0.0087810713
             89                  0.0087085674
             90                  0.0087571770
             91                  0.0087235100
             92                  0.0087584171
             93                  0.0087089038
             94                  0.0087423411
             95                  0.0087112401
             96                  0.0087351933
             97                  0.0087337920
             98                  0.0087540104
             99                  0.0087357599
            100                  0.0087307611
            101                  0.0085792662
            102                  0.0085566847
            103                  0.0086865118
            104                  0.0087227236
            105                  0.0086836151
            106                  0.0087319757
            107                  0.0086876861
            108                  0.0087306732
            109                  0.0086266023
            110                  0.0087101496
            111                  0.0006708411
            112                  0.0087230391
            113                  0.0060048979
            114                  0.0087166686
            115                  0.0013237166
            116                  0.0087002951
            117                  0.0086477163
            118                  0.0086974715
            119                  0.0009156584
            120                  0.0087110753
            121                  0.0083793634
            122                  0.0086584946
            123                  0.0007039762
            124                  0.0007830985
            125                  0.0010612998
            126                  0.0012910240
            127                  0.0010187090
            128                  0.0086441691
            129                  0.0085332068
            130                  0.0085615732
            131                  0.0085354922
            132                  0.0086174371
            133                  0.0009745504
            134                  0.0085448700
            135                  0.0007711488
            136                  0.0086645088
            137                  0.0005548336
            138                  0.0005962419
            139                  0.0006169019
            140                  0.0007377306
            141                  0.0005319018
            142                  0.0005508618
            143                  0.0006329275
            144                  0.0005362537
            145                  0.0007065625
            146                  0.0009285642
            147                  0.0007620239
            148                  0.0037191998
            149                  0.0001890417
            150                  0.0001967570
            151                  0.0002284390
            152                  0.0002511674
