       -9024795215804617    -8954352327863566337                     175
       -9007203298195659    -8936619404330795009                  524463
       -4503607445565121     2538833921185939455                     126
       -4503603150732993     2538552446209228799                     255
       -9008302541387977    -8954352327863566337                     175
       -9007207391836361    -8954352327863566337                    1199
       -9007203097393353    -8954352327863566337                     687
       -6755402964287169     2538552446209228799                    8319
       -4504702662229698     2538904289930117119                     127
       -9007203097131209    -8954352327863566337                   65711
       -9007203029792969    -8378173050536853505                     175
       -9007203029760204    -8954563434096099329                  524463
       -4503607445700290     2538904289930117119                   32895
       -9008302608496843    -7801430823256719361                  524463
       -9008302541387979    -8954352327863566337                  524463
       -9007207375059148    -8954352327863566337                  786607
       -9007207324728521    -8954352327863566337                     191
       -9007203096870089    -8954352327863566337                     191
       -9007203096869068    -8954352327863566337                  786607
       -9007203029752009    -8954633802840276993                     173
       -4504702662229698     2538833921185939455                  262271
       -4503607445569089     2538833921185939455                     119
       -4503607177133761     2538833852466462719                     127
       -4503603217710785     2538833921185939455                     127
       -4503603150601922     2538622814953406463                     127
      -76561197188529857     7150238464636616703                     127
      -11259002910554315    -6648509318649872385                  524463
       -9007207375059146    -8954352327863566337                  262319
       -9007203029761225    -4342947784412889089                     175
       -4512399210069697     2538552446209228799                     127
       -4503607445569221     7150519939613327359                     127
       -4503603150618305     2826782822360940543                     127
      -11259002910554313    -6648509318649872385                     175
       -9007482252966089    -8953226427956723713                     175
       -9007203096869321    -7801430823256719361                     175
       -9007200882276553    -8954633940279230465                     175
       -4504702662229697     2538833921185939455                     127
       -9024799561103563    -8953226427956723713                  524463
       -9024795215804619    -8954352327863566337                  524463
       -9007477974776011    -8953226427956723713                  524463
       -9007203097131211    -8954352327863566337                  589999
       -4503607445700289     2538833921185939455                     255
       -4503603152699073     2538552446209228799                  131199
       -4503603150634689     3115013198512652287                     127
       -4503603150593729     2538552446209228799                     125
       -9007207325251785    -8954352327863566337                  131247
       -9007203298195657    -8954352327863566337                     175
       -9007203097393353    -8954352327863566337                  131247
       -9007203029758665    -8954633802840276993                     175
       -9007200882276555    -8954633940279230465                  524463
       -4503603687472834     2574581243228192767                  262271
       -4503603150600897     2538552446209228799                     111
       -4503603119144641     2538552446209228799                     127
      -36028800861092041    -8954352327863566337                     175
      -13510802724239561    -8936337929354084353                     175
       -9009402053015755    -6648790793626583041                  524463
       -9007203097393355    -8954352327863566337                  655535
       -9007203096901833    -8377891575560142849                     175
       -9007203096869577    -8377891575560142849                     175
       -9007203096869068    -8954281959119388673                  524463
       -9007203029792971    -8378173050536853505                  524463
      -13510802405342913     2538552446209228799                     255
       -9007477974776009    -8953226427956723713                     175
       -9007203096869577    -6648509318649872385                     175
       -9007203029760202    -8954633802840276993                  262319
       -9007203029760201    -9026409921901494273                     175
       -4512403505036993     2538833921185939455                     127
       -4503607982440129     2538833921185939455                    8319
       -4503603150732993    -6684819590645547009                     127
       -4503603117047490     2394507626877550591                     127
      -81064797134797001    -8954352327863566337                     191
      -13510802724239561    -8954352327863566337                     239
       -9007207324728009    -6648509318649872385                     175
       -9007203096869065    -8954352327863566337                     175
       -9007203080091849    -9026409921901494273                     175
       -9007203029760205    -4342947784412889089                     175
       -4503607445585601     2827064297337651199                     127
       -4503607445569233     3691755425792786431                     127
       -4503607445569217     2556566844718710783                     127
       -4503603251265217     2538552446209228799                     127
       -4503603150597825     2538552446209228799                     126
       -9007203096870089    -8954352327863566337                   16559
       -4503605298085569     2538833783746985983                     127
       -4503603167379138     2538833921185939455                  262271
     -148618791226457794    -6684819590645547009                  262271
       -9007203029760204    -8954633802840276993                  786607
       -9007203029758153    -8954633802840276993                     143
       -9007202559998153    -9098467515939422209                     175
       -4503607982440129     2574862718204903423                     127
       -4503603150601922     2538833921185939455                     127
       -9007220209629387    -8954352327863566337                  524463
       -9007207307950281    -8954633802840276993                     175
       -4508001197113025     2556566844718710783                     127
       -4503607449763521     2556848319695421439                     127
       -4503607445569225    -6684538115668836353                     127
       -4503603167379138     2538904289930117119                     127
       -4503603150601938     2538833921185939455                  262271
       -4503602076860097     2538552377489752063                     127
     -148618795521425089    -6684538115668836353                     127
      -11259002843445449    -6648790793626583041                     175
       -9007203096869003    -8954352327863566337                  524459
       -9007203096868937    -8954352327863566337                     167
       -9007203029760715    -6648790793626583041                  524463
       -9007202559998153    -8954352465302519809                     175
       -4503607445568449     2538833921185939455                     127
       -4503603151126209     2538552446209228799                  131199
       -4503603150601922     2538552446209228799                  262271
       -9024795282913483    -8953226427956723713                  524463
       -9024795266136265    -8954352327863566337                     175
       -9007211686803657    -8954352327863566337                    2223
       -9007207375583433    -8954352327863566337                  131247
       -4503607445831361     2538833921185939455                   65663
       -9007207391836363    -8954352327863566337                  525487
       -9007203029760201    -8954633802840276993                     175
       -4503607445561025     2538833921185939455                     125
       -4503603150732993     2538552446209228799                    2175
       -4503603150667457     3691473950816075775                     127
       -9288678006470859    -4342947784412889089                  524463
       -9007207307950283    -8954633802840276993                  524463
       -9007203012982985    -9026691396878204929                     175
       -4503607446617793     2538833921185939455                   65663
       -4503607445831362     2538904289930117119                   65663
       -4503607445567169     2538833921185939455                      95
       -4503603687472833     2574581243228192767                     127
      -13510806700309697      269019708991209471                     127
      -11259002843445451    -6648790793626583041                  524463
       -9024795215804617    -8953507902933434369                     175
       -9007203365304521    -8936337929354084353                     175
       -4503603150601153     2538552446209228799                     127
       -9024795215804619    -8953507902933434369                  524463
       -9007271749236937    -8954352327863566337                     175
       -9007207324727499    -8954352327863566337                  524463
       -9007203029760219    -8954352327863566337                  524463
       -4504702662229699     2538833921185939455                  524415
       -4503607446093505     2538833921185939455                  131199
       -4503607445569218     2538833921185939455                  262271
       -4503607412014786     2394789101854261247                     127
       -4503603154796225     2556566844718710783                     127
       -4503603117047489     2394437258133372927                     127
       -9007203098966219    -8954352327863566337                  655535
       -9007203096870091    -8954352327863566337                  524479
       -9007203096869067    -8954352327863566337                  524463
       -9007203096867017    -8954352327863566337                     143
       -9007203080091851    -9026409921901494273                  524463
       -9007203029760713    -6648790793626583041                     175
       -9007203029756105    -8954633802840276993                     174
       -9007202023127243    -8954352396583043073                  524463
       -9007202023127241    -8954352396583043073                     175
       -4785082422279873     7150519939613327359                     127
       -4503603150864065     2538552446209228799                   65663
       -4503603150602177     3691473950816075775                     127
       -4503603150601857     2538552446209228799                     123
       -9024799510771913    -8953226427956723713                     175
       -9009402120124617    -6648509318649872385                     175
       -9007477907667147    -8953507902933434369                  524463
       -9007203096934601    -8954352327863566337                     239
       -9007203096860875    -8954352327863566337                  524461
       -9007203029760073    -8954633802840276993                     167
       -9007203029758667    -8954633802840276993                  524463
       -9007203029756107    -8954633802840276993                  524462
       -4521195336646337     2539678346116071423                     127
       -4503616001949377     2538833921185939455                     127
       -4503607445569218     2538904289930117119                     127
       -4503603150601929    -6684819590645547009                     127
       -4503603150601409      232709436995534847                     127
      -13510802405342913     2574581243228192767                     127
       -9007477907667145    -8953507902933434369                     175
       -9007203080091851    -8954633802840276993                  524463
       -4503607546232513     2538833921185939455                     127
       -4503603151650497     2538552446209228799                   65663
       -9007207391836361    -8953226427956723713                     175
       -9007203029761227    -8954633802840276993                  524479
       -9007200949385417    -8954352465302519809                     175
       -5629503057444545     2538552446209228799                    4223
       -4504702662229697     3691473950816075775                     127
       -4503671870078657     2538833921185939455                     127
       -4503611740536513     2538552446209228799                    2175
       -4503603150732993     2538552446209228799                   32895
       -4503603150601937     2538833921185939455                     127
       -4503603150601921     2556549252532666367                     127
       -4503603117047490     2394437258133372927                  262271
       -9007207307950283    -9026409921901494273                  524463
       -9007203098966217    -8954352327863566337                  131247
       -9007203029760457    -7801712298233430017                     175
       -5629507352411841     3691755425792786431                     127
       -4503603167379137     2538833921185939455                     127
       -4503603158990529     2574581243228192767                     127
       -4503603150632641     2538552446209228799                     127
       -9008302608496841    -7801430823256719361                     175
       -9007482202634441    -8953226427956723713                     175
       -9007207375321289    -8954352327863566337                   65711
       -9007207324727497    -8954352327863566337                     175
       -9007203029760203    -8954633802840276993                  524463
       -4521199631613633     2539959821092782079                     127
       -4503607445569217     2538552446209228799                    1151
     -148618791226457793    -6684819590645547009                     127
       -9024795282913481    -8953226427956723713                     175
       -9007203096870089    -4342666309436178433                     175
       -9007203029761227    -4342947784412889089                  524463
       -9007203029761225    -8954633802840276993                     191
       -4503878028508865     2539678346116071423                     127
       -4503603150864066     2538552446209228799                  327807
       -9007207307950281    -9026409921901494273                     175
       -9007203096869323    -7801430823256719361                  524463
       -9007203096864969    -8954352327863566337                     174
       -9007203029825737    -8954633802840276993                     239
       -4508005492080321     2556848319695421439                     127
       -4503603150599873     2538552446209228799                      95
      -13510810995277505     2574581243228192767                    2175
      -10133103003711689    -7801430823256719361                     175
       -9007207375059147    -8954352327863566337                  524463
       -9007203096869066    -8954281959119388673                     175
       -9007203030022345    -8954633802840276993                     431
       -9007203029825739    -8954633802840276993                  524527
       -9007203029760217    -8954352327863566337                     175
       -9007203029760139    -8954633802840276993                  524459
       -5066553104023233    -6684819590645547009                     127
       -4503607445700289     2538833921185939455                   32895
      -11259002843445449    -8954633802840276993                    8367
       -9007211619694793    -8954633802840276993                    2223
       -9007203096860873    -8954352327863566337                     173
       -5066557398990529    -6684538115668836353                     127
       -4503607445569217     2538833921185939455                     127
       -4503607445569153     2538833921185939455                     123
       -4503607412014785     2394718733110083583                     127
       -9042387468957897    -6648509318649872385                     175
       -9007207391836297    -8954352327863566337                     175
       -9007207324728523    -8954352327863566337                  524479
       -9007207324727497    -8954633802840276993                    1199
       -9007203096869579    -6648509318649872385                  524463
       -9007203096737993    -8954352327863566337                      47
       -9007203031857353    -8954633802840276993                  131247
       -9007202492889291    -8954633940279230465                  524463
       -4503607445634753     2538833921185939455                   16511
       -4503603150601923     2538552446209228799                  524415
      -18014406327680705     2538833921185939455                     127
      -13510806700310209     2574862718204903423                     127
       -9007211686803659    -8954352327863566337                  526511
       -9007207375059145    -8954352327863566337                     175
       -9007203101063369    -8936337929354084353                     175
       -4503611706982081     2538552446209228799                     127
       -4503607445568705      232990911972245503                     127
      -40532400169565889     2538552446209228799                     255
       -9007220209629385    -8954352327863566337                     175
       -9007207375060171    -8954352327863566337                  524479
       -9007203298195657    -8936619404330795009                     175
       -9007203029760233    -6648790793626583041                     175
       -4503603150601921     2538552446209228799                     127
       -9011601126602953    -8954352327863566337                     175
       -9007203298195659    -8954352327863566337                  524463
       -9007203096934601    -8954352327863566337                   16559
       -9007203012982987    -9026691396878204929                  524463
       -9007202492889289    -8954633940279230465                     175
       -4503603150601793     2538552446209228799                     119
       -4503601003118273     2538552308770275327                     127
       -9024799561103561    -8953226427956723713                     175
       -9007207324727499    -8954633802840276993                  525487
       -9007203097131209    -8954352327863566337                     431
       -9007203096869001    -8954352327863566337                     171
       -9007200949385419    -8954352465302519809                  524463
      -40532404464533185     2538833921185939455                     255
       -9007207375060169    -8954352327863566337                     191
       -9007203365304523    -8936337929354084353                  524463
       -9007203096901835    -8377891575560142849                  524463
       -9007203096869069    -4342666309436178433                     175
       -9007203096864971    -8954352327863566337                  524462
       -9007203080091849    -8954633802840276993                     175
       -9007203029760459    -7801712298233430017                  524463
       -9007203029752011    -8954633802840276993                  524461
       -4503603150667457     2538552446209228799                   16511
       -4503603150634177     2538552446209228799                     127
       -4503603150617281     2538552446209228799                     127
       -9007207324727498    -8954352327863566337                  262319
       -9007203096934603    -8954352327863566337                  524527
       -9007203096869066    -8954352327863566337                  262319
       -9007203030284491    -8954633802840276993                  655535
       -9007203030022345    -8954633802840276993                   65711
       -4503620330471105     2538833921185939455                     127
       -4503607445569219     2538833921185939455                  524415
       -4503602882166465     2538552377489752063                     127
       -9024795266136267    -8954352327863566337                  524463
       -9007207375059401    -7801430823256719361                     175
       -9007207375059146    -8954281959119388673                     175
       -9007203030022347    -8954633802840276993                  589999
       -4503607445569474     2827134666081828863                     127
       -4503603150667457     7150238464636616703                     127
       -9042387401849033    -6648790793626583041                     175
       -9007203096869097    -6648509318649872385                     175
       -9007203033954507    -8936619404330795009                  524463
       -9007203030284489    -8954633802840276993                  131247
       -9007203029760202    -8954563434096099329                     175
       -9007203029760137    -8954633802840276993                     171
       -4503671870078658     2538904289930117119                     127
       -4503616035503809     2538833921185939455                    2175
       -9007271749236939    -8954352327863566337                  524463
       -9007215964993737    -8954352327863566337                    2223
       -9007211619694795    -8954633802840276993                  526511
       -9007203365304521    -8954352327863566337                    4271
       -9007202559998155    -8954352465302519809                  524463
       -4503603150601925     7150238464636616703                     127
