# 1. Iter.             2. TotDets.          3. Inc. Inits (norma 4. Inc. Inits (SI)   5. Replica-averaged  6. TotWalk. (1)      7. Annihil. (1)      8. Born (1)          9. Died (1)          10. Removed Dets (1) 11. AbortedWalks (1) 12. InitDets (1)     13. NonInitDets (1)  14. InitWalks (1)    15. NonInitWalks (1) 16. TotWalk. (2)     17. Annihil. (2)     18. Born (2)         19. Died (2)         20. Removed Dets (2) 21. AbortedWalks (2) 22. InitDets (2)     23. NonInitDets (2)  24. InitWalks (2)    25. NonInitWalks (2)
#               0                1               0               0   0.00000000000        200000.000000        0.00000000000        0.00000000000        0.00000000000        0.00000000000        0.00000000000                     0                0   0.00000000000        0.00000000000        200000.000000        0.00000000000        0.00000000000        0.00000000000        0.00000000000        0.00000000000                     0                0   0.00000000000        0.00000000000     
                1           480937               0               0   0.00000000000        390290.470552        6420.87894194        436285.657931        2000.00000000        187525.375825        0.00000000000                100000                0   200000.000000        0.00000000000        390982.199458        6437.54177098        436958.699285        2000.00000000        187488.958956        0.00000000000                100000                0   200000.000000        0.00000000000     
                2           858202               0               0   0.00000000000        579495.072810        7452.93500591        542260.872549        3902.90470552        189597.230678        155771.763508                100001           380936   200003.374372        190287.096179        580143.951170        7458.06041833        542639.772783        3909.82199458        189642.845433        156450.840792                100001           380936   200003.186250        190979.013208     
                3          1231795               0               0   0.00000000000        767178.054431        8589.48429198        700197.182845        5794.95072810        191843.806595        310815.494705                100006           758196   200042.080976        379452.991834        767919.486960        8576.43981167        701275.432003        5801.43951170        191861.057903        311510.153266                100006           758196   200039.411033        380104.540137     
                4          1602412               0               0   0.00000000000        953337.203234        9706.80635239        857381.704907        7671.78054431        193940.200134        464554.789368                100006          1131789   200086.255482        567091.798949        954800.967419        9720.19815626        859070.311796        7679.19486960        193981.433864        465250.497501                100006          1131789   200071.413526        567848.073434     
                5          1968985               0               0   0.00000000000        1138364.72337        10944.5648956        1013853.04975        9533.37203234        196188.830019        617118.994616                100006          1502406   200135.037668        753202.165566        1139518.51561        10928.6182105        1015009.65856        9548.00967419        196174.268452        618376.312776                100006          1502406   200126.213835        754674.753584     
                6          2332995               0               0   0.00000000000        1322337.57952        12204.6328841        1169366.13850        11383.6472337        198282.192444        768327.516474                100006          1868979   200205.849976        938158.873392        1323264.92410        12217.7388607        1169870.53719        11395.1851561        198089.885018        768975.115060                100006          1868979   200187.249789        939331.265821     
                7          2693905               0               0   0.00000000000        1504693.14334        13542.6482574        1322817.46136        13223.3757952        200179.472915        917942.431220                100009          2232986   200288.144767        1122049.43475        1506010.23243        13533.3752027        1323698.98963        13232.6492410        200305.252135        919281.920563                100007          2232988   200255.574321        1123009.34978     
                8          3051127               0               0   0.00000000000        1685981.43593        14945.0531375        1474976.07999        15046.9314334        202275.499615        1067629.43533                100009          2593896   200373.819371        1304319.32397        1686694.44430        14937.5637313        1476259.81382        15060.1023243        202370.376122        1068397.13176                100011          2593894   200364.543730        1305645.68870     
                9          3405018               0               0   0.00000000000        1865787.26718        16400.5590960        1627165.84244        16859.8143593        204179.333045        1215166.97361                100012          2951115   200473.414509        1485508.02142        1865930.08246        16397.1206487        1626915.18609        16866.9444430        204745.860072        1217001.98760                100014          2951113   200462.599770        1486231.84453     
               10          3754231               0               0   0.00000000000        2043421.43873        17860.1773455        1776481.73032        18657.8726718        206943.541240        1362530.84723                100022          3304996   200596.536152        1665190.73103        2043304.95133        17870.4973809        1777776.01395        18659.3008246        206668.072537        1362168.62797                100026          3304992   200603.986731        1665326.09573     
               11          4101129               0               0   0.00000000000        2219620.77683        19334.9765904        1925815.47917        20434.2143873        208796.758221        1506583.53500                100042          3654189   200791.753699        1842629.68503        2220081.49949        19366.1397582        1925551.10192        20433.0495133        208835.397750        1508126.69418                100040          3654191   200751.544123        1842553.40721     
               12          4445481               0               0   0.00000000000        2394810.41209        20958.9879895        2071983.63774        22196.2077683        210965.732364        1651990.09108                100055          4001074   200954.697599        2018666.07923        2395798.06420        21027.2083211        2075416.54849        22200.8149949        210844.692749        1651420.17137                100056          4001073   200933.954678        2019147.54482     
               13          4786822               0               0   0.00000000000        2569444.46949        22544.1383986        2222338.10163        23948.1041209        213491.514773        1794778.88707                100077          4345404   201184.110538        2193626.30155        2569357.09923        22662.6345299        2220402.18966        23957.9806420        213002.027863        1793510.11656                100076          4345405   201121.634339        2194676.42986     
               14          5125745               0               0   0.00000000000        2742331.64190        24291.1554135        2367324.75636        25694.4446949        215010.747434        1936697.72261                100094          4686728   201412.223149        2368032.24634        2742713.83923        24299.6602239        2365622.03556        25693.5709923        215477.496000        1937115.89785                100099          4686723   201351.093807        2368006.00542     
               15          5462602               0               0   0.00000000000        2913929.83855        25903.7887274        2511556.67749        27423.3164191        217652.065094        2078750.66124                100117          5025628   201618.677714        2540712.96419        2915588.39491        26017.1346415        2513522.44506        27427.1383923        217304.380849        2079098.06966                100123          5025622   201595.027193        2541118.81204     
               16          5796302               0               0   0.00000000000        3084711.66494        27651.0566140        2657420.36061        29139.2983856        219687.507344        2217169.88308                100146          5362456   201894.149891        2712035.68866        3086555.40531        27772.0062187        2658713.08709        29155.8839491        219289.248059        2218315.78741                100153          5362449   201877.928320        2713710.46659     
               17          6126593               0               0   0.00000000000        3254020.00793        29448.5547636        2798543.08446        30847.1166494        221627.890654        2356059.15100                100187          5696115   202206.555676        2882505.10927        3255946.93953        29584.1135616        2799996.43942        30865.5540531        221767.491606        2357483.11536                100189          5696113   202180.168495        2884375.23681     
               18          6454685               0               0   0.00000000000        3422193.96106        31306.4654673        2940057.92350        32540.2000793        224039.070633        2494543.56742                100216          6026377   202518.372128        3051501.63580        3424639.66837        31362.0495608        2942148.79195        32559.4693953        223351.749121        2493837.07142                100229          6026364   202523.302095        3053423.63743     
               19          6779205               0               0   0.00000000000        3589330.21669        33180.2604442        3081756.93298        34221.9396106        225939.540669        2630378.55683                100256          6354429   202856.099978        3219337.86108        3591022.60090        33227.7286502        3080108.41066        34246.3966837        225823.005496        2628882.01465                100257          6354428   202825.592944        3221814.07543     
               20          7103014               0               0   0.00000000000        3756199.39534        35019.0462935        3221136.43145        35893.3021669        227748.682440        2761750.44623                100291          6678914   203187.483252        3386142.73344        3757260.66992        35042.6417873        3218062.97402        35910.2260090        227688.784839        2765110.94697                100294          6678911   203169.743060        3387852.85784     
               21          7422596               0               0   0.00000000000        3921065.83085        36937.4880176        3355746.33934        37561.9939534        230121.648215        2900178.04144                100318          7002696   203496.989844        3552702.40549        3921638.26405        37108.7336688        3357708.69317        37572.6066992        229946.877250        2900537.67887                100327          7002687   203505.414421        3553755.25550     
               22          7740107               0               0   0.00000000000        4084941.36309        39007.1284086        3496860.57643        39210.6583085        232221.586418        3033398.25166                100350          7322246   203844.680560        3717221.15029        4085354.32291        39006.8743105        3496932.69029        39216.3826405        232230.263746        3036547.32375                100356          7322240   203831.911004        3717806.35305     
               23          8054884               0               0   0.00000000000        4247814.03487        40990.5574128        3632652.68621        40849.4136309        234032.935793        3164373.32088                100384          7639723   204226.535061        3880714.82802        4247456.44471        40975.1618241        3635489.58959        40853.5432291        234132.585288        3163608.60221                100392          7639715   204205.149838        3881149.17308     
               24          8366916               1               0   0.00000000000        4409421.60580        42968.3755613        3767396.91690        42478.1403487        236626.870647        3297943.80145                100420          7954464   204596.982663        4043217.05221        4408456.80621        42989.9724346        3765552.31424        42474.5644471        236343.385712        3296208.91071                100432          7954452   204597.245607        4042859.19910     
               25          8680107               2               0   0.00000000000        4570982.61518        45056.1334509        3904677.31628        44094.2160580        237963.492627        3426808.46825                100455          8266461   204993.030295        4204428.57551        4570708.10201        45023.7934963        3902686.54657        44084.5680621        238472.339311        3427848.51514                100465          8266451   204979.949636        4203476.85657     
               26          8988907               2               0   0.00000000000        4730517.78086        47098.8036256        4036551.84865        45709.8261518        240393.569990        3558573.81162                100498          8579609   205409.079110        4365573.53607        4731175.41827        47184.9193654        4039659.45770        45707.0810201        240168.601760        3558083.69205                100498          8579609   205381.103678        4365326.99833     
               27          9295016               4               0   0.00000000000        4888651.07907        49139.0622052        4170584.22442        47305.1778086        242386.180663        3685231.63226                100529          8888378   205785.232801        4524732.54806        4890283.88539        49324.8577721        4171521.03951        47311.7541827        242634.759742        3688193.22054                100536          8888371   205782.997619        4525392.42065     
               28          9599702               5               0   0.00000000000        5046274.85195        51390.1801562        4300446.00470        48886.5107907        244263.753211        3814648.46838                100565          9194451   206194.256358        4682456.82271        5048693.47858        51318.3199038        4305172.64252        48902.8388538        244445.433182        3817822.69237                100563          9194453   206179.232801        4684104.65258     
               29          9901671               6               0   0.00000000000        5203013.72979        53505.1799030        4434082.12833        50462.7485195        246465.057949        3938781.33556                100612          9499090   206624.730320        4839650.12163        5205694.18255        53664.1966870        4438268.45057        50486.9347858        246681.758945        3940639.95461                100606          9499096   206626.227874        4842067.25070     
               30         10202430               6               0   0.00000000000        5359205.52629        55648.8843930        4561898.50495        52030.1372979        249049.338530        4069450.58189                100653          9801018   207055.641332        4995958.08846        5361968.98760        55798.5037770        4565291.80907        52056.9418255        249069.062445        4071804.13607                100638          9801033   207059.230705        4998634.95185     
               31         10500458               7               0   0.00000000000        5514607.36688        57882.0748425        4696269.27759        53592.0552629        250604.220323        4191245.11759                100697         10101733   207520.035819        5151685.49047        5516537.61644        57961.4458043        4698559.30974        53619.6898760        251466.160838        4197294.52676                100687         10101743   207584.978128        5154384.00948     
               32         10796033               8               0   0.00000000000        5668428.69027        60093.7397236        4821420.06637        55146.0736688        252424.083565        4312713.56554                100731         10399727   207950.602109        5306656.76477        5670517.71794        60238.5399206        4827669.63800        55165.3761644        253045.803232        4319216.31600                100723         10399735   208050.285275        5308487.33116     
               33         11089732               6               0   0.00000000000        5820758.57104        62315.8929525        4945207.65518        56684.2869027        254712.480158        4435376.57924                100782         10695251   208416.102431        5460012.58784        5824084.86929        62530.9347548        4953689.40947        56705.1771794        254884.589654        4440618.89735                100767         10695266   208523.041676        5461994.67626     
               34         11382428               6               0   0.00000000000        5973230.96543        64712.6992821        5072286.93768        58207.5857104        257231.405691        4563560.44834                100814         10988918   208854.121110        5611904.44993        5976829.75815        64829.2842745        5078222.27850        58240.8486928        256697.734689        4563236.26072                100809         10988923   208957.770642        5615127.09864     
               35         11672835               5               0   0.00000000000        6124995.52903        66962.1557860        5204551.63346        59732.3096542        259341.320435        4688390.59323                100852         11281576   209307.202387        5763923.76304        6128594.41822        67045.1402738        5204568.20735        59768.2975815        259191.855450        4690233.10329                100847         11281581   209421.145382        5767408.61277     
               36         11960859               7               0   0.00000000000        6275732.93099        69184.4444611        5333078.49926        61249.9552903        260379.199157        4803751.50283                100879         11571956   209756.860067        5915238.66897        6278692.46583        69494.5707732        5335074.88260        61285.9441822        261012.199429        4806693.87168                100888         11571947   209927.675828        5918666.74239     
               37         12246546               7               0   0.00000000000        6425001.56406        71664.9049023        5451756.82149        62757.3293099        262602.309368        4924520.99397                100923         11859936   210242.393930        6065490.53706        6428135.72891        71717.1828971        5454820.50750        62786.9246582        263315.636568        4929189.83388                100929         11859930   210411.381041        6068281.08478     
               38         12530231               6               0   0.00000000000        6573821.37019        73977.8106857        5575055.04849        64250.0156406        264539.127551        5044513.58411                100972         12145574   210749.506628        6214252.05743        6576233.34448        74100.6925470        5580666.07740        64281.3572891        265372.947189        5043444.04466                100970         12145576   210897.125940        6217238.60297     
               39         12813148               5               0   0.00000000000        6721722.52323        76428.8969438        5698702.09590        65738.2137019        266598.139088        5164643.11405                101011         12429220   211242.302680        6362579.06751        6724613.77218        76436.1313615        5697565.45663        65762.3334448        267055.095607        5163521.24782                101013         12429218   211382.228950        6364851.11553     
               40         13095456               4               0   0.00000000000        6869379.74147        78835.1393729        5824604.33674        67217.2252322        269526.091023        5288024.03742                101052         12712096   211712.950882        6510009.57234        6872581.13527        78966.6668997        5823550.70835        67246.1377218        269436.647209        5288771.76952                101057         12712091   211905.729414        6512708.04276     
               41         13374131               5               0   0.00000000000        7015269.55098        81119.0457341        5950841.49015        68693.7974147        271157.419483        5401216.12149                101083         12994373   212229.569637        6657150.17183        7019179.24364        81500.1872837        5952771.75625        68725.8113527        271261.210035        5408181.62623                101092         12994364   212406.006971        6660175.12830     
               42         13652076               8               0   0.00000000000        7160721.65057        83478.1875616        6067162.49105        70152.6955098        273309.618186        5514692.03655                101128         13273003   212792.657319        6802476.89366        7165363.78557        83870.3055772        6076218.07417        70191.7924364        273251.425186        5519972.55347                101131         13273000   212907.539504        6806271.70414     
               43         13928717               9               0   0.00000000000        7305490.36334        86075.2400285        6184105.93925        71607.2165057        274853.896379        5633622.73522                101169         13550907   213318.371585        6947403.27899        7311142.24894        86305.4013468        6192158.10399        71653.6378557        274979.653079        5637540.48770                101167         13550909   213374.793899        6951988.99167     
               44         14202284               9               0   0.00000000000        7449203.76862        88601.8546214        6307301.91974        73054.9036334        276998.055823        5748284.71096                101218         13827499   213886.050499        7091604.31285        7455001.51804        88779.7705731        6311539.81416        73111.4224894        276862.517948        5751511.64751                101220         13827497   213916.421352        7097225.82759     
               45         14473521               9               0   0.00000000000        7591803.56996        90808.9988965        6424998.69389        74492.0376862        278340.071876        5851457.28902                101250         14101034   214361.929116        7234841.83951        7597803.51628        91126.3730647        6428572.82087        74550.0151804        278334.354890        5856527.96369                101265         14101019   214432.468941        7240569.04910     
               46         14744066               9               0   0.00000000000        7733685.78579        93489.0864233        6530615.47462        75918.0356996        280542.256672        5965508.92137                101286         14372235   214879.224782        7376924.34518        7740325.38191        93701.2877381        6536944.65329        75978.0351628        280919.082091        5975941.17046                101299         14372222   214952.683927        7382850.83235     
               47         15013012              12               0   0.00000000000        7875302.99415        95777.8645745        6649332.63500        77336.8578579        282534.575901        6084205.97337                101321         14642745   215390.330943        7518295.45484        7881953.96554        96191.9250486        6661040.25393        77403.2538190        283033.348407        6090186.78325                101343         14642723   215479.839989        7524845.54192     
               48         15279897              11               0   0.00000000000        8016324.01163        98458.4155527        6772394.03865        78753.0299414        285033.234080        6201037.91252                101383         14911629   216004.915601        7659298.07855        8022281.67002        98525.0628935        6779591.32473        78819.5396554        285350.206165        6202742.34902                101404         14911608   216074.873440        7665879.09210     
               49         15544991              11               0   0.00000000000        8156417.46330        100908.811915        6893540.18782        80163.2401162        286738.319596        6305170.99114                101419         15178478   216526.345774        7799797.66585        8161534.21498        101047.934200        6893253.09737        80222.8167002        287059.189294        6312893.34109                101458         15178439   216640.893021        7805640.77700     
               50         15807996              11               0   0.00000000000        8295264.64253        103480.545168        7000419.12315        81564.1746329        288808.924226        6416377.46710                101464         15443527   217092.878482        7939324.58481        8300276.64524        103808.626195        7008130.69287        81615.3421498        289161.340203        6424400.18939                101514         15443477   217210.763442        7944323.45154     
               51         16071071              12               0   0.00000000000        8433505.41972        106186.026947        7115775.64091        82952.6464253        290692.611077        6526666.52676                101494         15706502   217603.542008        8077661.10052        8439802.40975        106142.643260        7124229.04627        83002.7664524        290367.482054        6533958.80169                101546         15706450   217739.881092        8082536.76415     
               52         16331191              14               0   0.00000000000        8571425.81362        108710.130432        7229243.80473        84335.0541972        292806.957995        6642355.03998                101548         15969523   218167.055877        8215338.36384        8576904.90012        108668.483126        7237857.02081        84398.0240975        292530.502548        6636335.64160                101586         15969485   218285.131909        8221517.27785     
               53         16590004              15               0   0.00000000000        8708225.66519        111075.100603        7349097.30714        85714.2581361        293783.597499        6734606.25123                101599         16229592   218748.123091        8352677.69053        8713577.92687        111312.813846        7342462.31275        85769.0490012        295271.708417        6751819.96970                101629         16229562   218845.091745        8358059.80838     
               54         16847777              15               0   0.00000000000        8844120.83136        113870.435967        7444116.46498        87082.2566519        296291.343610        6850136.34474                101652         16488352   219291.616363        8488934.04883        8850364.57992        113819.030072        7462977.99535        87135.7792686        296524.764660        6861610.27397                101674         16488330   219393.307337        8494184.61953     
               55         17105508              16               0   0.00000000000        8980618.32163        116318.934384        7564646.02293        88441.2083135        297774.880599        6962070.91991                101689         16746088   219826.003473        8624294.82788        8986575.72448        116528.900261        7577108.24180        88503.6457991        298572.627203        6970247.78804                101727         16746050   219980.058872        8630384.52105     
               56         17362243              14               0   0.00000000000        9115611.65376        118816.190823        7680816.00575        89806.1832162        299906.286169        7065632.21004                101748         17003760   220417.016827        8760201.30480        9122771.37583        119246.061550        7690447.45521        89865.7572447        299263.244105        7067910.22945                101761         17003747   220511.329645        8766064.39483     
               57         17615956              14               0   0.00000000000        9249638.82436        121581.831935        7786598.43692        91156.1165376        302237.134571        7176580.27951                101798         17260445   220989.905895        8894621.74787        9257136.55772        121610.966679        7790723.68531        91227.7137583        302041.581626        7176338.32220                101801         17260442   221063.650561        8901707.72527     
               58         17867061              16               0   0.00000000000        9382172.07808        123917.713190        7901825.88199        92496.3882436        303842.699499        7266491.81811                101837         17514119   221545.198712        9028093.62565        9390868.80989        124333.472790        7902737.92345        92571.3655771        304044.118574        7281952.24494                101839         17514117   221625.145238        9035511.41248     
               59         18118422              16               0   0.00000000000        9515548.06437        126833.149738        7994733.55396        93821.7207808        305948.444937        7388902.04959                101879         17765182   222137.591715        9160034.48637        9523866.45766        126752.294374        8011525.77126        93908.6880988        305491.929539        7385076.83126                101896         17765165   222260.661309        9168608.14858     
               60         18367512              17               0   0.00000000000        9647280.81687        129416.200997        8122138.15022        95155.4806437        306952.878886        7474743.99746                101925         18016497   222706.516448        9292841.54793        9656151.36747        129445.380325        8117666.70280        95238.6645765        307344.079435        7488393.60926                101939         18016483   222848.137463        9301018.32019     
               61         18615572              16               0   0.00000000000        9778801.33466        131871.900003        8210430.09970        96472.8081686        309305.341674        7585516.99138                101948         18265564   223247.398917        9424033.41795        9787754.73961        132074.990687        8225624.19509        96561.5136746        309873.046258        7598557.20024                102002         18265510   223464.568178        9432686.79929     
               62         18861558              16               0   0.00000000000        9909206.34376        134633.136983        8325852.15206        97788.0133465        311081.094099        7688593.89260                102000         18513572   223873.682543        9554927.65211        9918595.71444        134771.145665        8339914.25230        97877.5473960        310610.908405        7688612.51575                102035         18513537   224001.555219        9563753.18439     
               63         19106665              16               0   0.00000000000        10038728.7931        137064.417858        8431065.93969        99092.0634376        313028.786089        7785162.17798                102049         18759509   224493.051116        9684713.29264        10049472.8544        137528.042080        8432918.81393        99185.9571444        313165.712071        7799932.09148                102078         18759480   224527.516651        9694068.19779     
               64         19350863              19               0   0.00000000000        10168416.1036        139919.695669        8532585.60753        100387.287931        314902.089852        7890090.03967                102091         19004574   225092.857637        9813635.93547        10179362.4308        140157.871748        8549485.68087        100494.728544        315423.919336        7902298.20229                102120         19004545   225055.067198        9824417.78721     
               65         19593810              20               0   0.00000000000        10297293.9276        142451.282431        8642716.97954        101684.161036        316984.915093        7988259.73359                102150         19248713   225721.121857        9942694.98177        10308690.9803        142584.516870        8654635.24063        101793.624308        316549.704839        7999937.33815                102159         19248704   225607.679108        9953754.75172     
               66         19834891              18               0   0.00000000000        10425245.3143        144924.214737        8742814.30132        102972.939276        318380.371801        8081282.17361                102187         19491623   226246.340078        10071047.5875        10437315.6957        145505.278978        8756552.47178        103086.909803        318543.862036        8101659.94479                102201         19491609   226167.191829        10082523.7885     
               67         20074927              17               0   0.00000000000        10552642.1895        147722.199174        8839830.34765        104252.453143        320369.338409        8184600.40871                102211         19732680   226751.610759        10198493.7036        10565179.7335        148280.321915        8862145.12629        104373.156956        320694.857184        8214627.82937                102262         19732629   226797.548353        10210518.1473     
               68         20313066              17               0   0.00000000000        10679526.8936        150499.580666        8947188.09269        105526.421895        322570.809828        8300019.18050                102267         19972660   227367.845884        10325274.3436        10691792.4383        150611.669200        8978578.67155        105651.797335        321914.730455        8293991.45659                102300         19972627   227389.662374        10337790.0711     
               69         20550711              19               0   0.00000000000        10805453.5126        153127.118606        9067313.96911        106795.268936        324469.159310        8382995.21183                102327         20210739   228063.118251        10451463.7753        10818798.7478        153275.796166        9060846.80776        106917.924383        324000.488297        8399194.32219                102361         20210705   228012.261853        10463780.1765     
               70         20787252              18               0   0.00000000000        10931250.2530        155934.983999        9153002.70208        108054.535126        325698.707692        8483048.45947                102367         20448344   228639.368947        10576814.1437        10944990.8450        156030.984520        9171049.18495        108187.987478        325642.865589        8497313.93031                102393         20448318   228570.372456        10590228.3754     
               71         21021641              18               0   0.00000000000        11055637.0273        158241.767943        9257200.21305        109312.502530        327635.398029        8572744.56660                102410         20684842   229203.024235        10702047.2287        11069977.6496        158752.245849        9272245.82183        109449.908450        327975.461297        8596040.45854                102441         20684811   229156.890424        10715833.9545     
               72         21255152              21               0   0.00000000000        11180618.9262        161287.593239        9350334.24631        110556.370273        329899.665223        8688155.90700                102461         20919180   229801.137944        10825835.8893        11194389.5738        161400.263371        9374577.75369        110699.776496        330118.927533        8700181.23094                102491         20919150   229776.748102        10840200.9015     
               73         21488625              20               0   0.00000000000        11305005.2577        163743.020261        9470363.50207        111806.189262        331159.505372        8775118.44273                102485         21152667   230305.693187        10950313.2330        11318768.8828        164018.375813        9483257.36671        111943.895738        331324.652664        8785102.75420                102532         21152620   230358.161777        10964031.4121     
               74         21719518              18               0   0.00000000000        11427841.3257        166397.881679        9561456.12284        113050.052577        333458.765556        8874636.93364                102530         21386095   230874.092612        11074131.1651        11442365.5341        166627.409105        9571699.64743        113187.688828        333406.843813        8886138.86329                102581         21386044   230958.250360        11087810.6324     
               75         21949962              21               0   0.00000000000        11550617.2479        169377.859349        9663861.91298        114278.413257        334978.777673        8965780.31947                102591         21616927   231509.945444        11196331.3803        11565093.1638        169275.235869        9676978.47633        114423.655341        335345.229168        8978648.76555                102615         21616903   231515.266401        11210850.2677     
               76         22177935              22               0   0.00000000000        11672342.9904        172024.602516        9759294.08903        115506.172479        337013.697499        9069656.25417                102653         21847309   232143.452501        11318473.7954        11686664.3906        171912.045556        9771833.57735        115650.931638        336774.511907        9065415.73401                102660         21847302   232070.283560        11333022.8803     
               77         22405750              22               0   0.00000000000        11794647.5340        174309.715523        9867167.40480        116723.429904        338148.790008        9155280.82613                102680         22075255   232668.835109        11439674.1553        11807786.4030        174537.049184        9861016.92816        116866.643906        338590.720288        9164728.46814                102710         22075225   232684.202878        11453980.1877     
               78         22632445              22               0   0.00000000000        11916464.8502        177061.889438        9956906.49326        117946.475340        340355.258000        9262384.37883                102726         22303024   233263.602374        11561383.9316        11928575.7655        177139.954481        9965228.93425        118077.864029        340134.293661        9255999.73947                102745         22303005   233244.800204        11574541.6028     
               79         22858468              21               0   0.00000000000        12036906.6884        179848.990305        10067921.1202        119164.648502        342046.296089        9346055.87201                102770         22529675   233889.918111        11682574.9321        12049594.8145        180229.388249        10061855.0158        119285.757655        342764.656615        9364048.27902                102812         22529633   233913.851242        11694661.9142     
               80         23083144              23               0   0.00000000000        12156537.2551        182483.872777        10154689.2767        120369.066884        343898.342676        9434351.04063                102828         22755640   234543.179157        11802363.5092        12170044.1964        182776.255981        10173968.2405        120495.948145        343893.794016        9455388.47864                102832         22755636   234440.500333        11815154.3142     
               81         23307099              23               0   0.00000000000        12275910.1773        185109.905163        10246717.5529        121565.372551        345103.943082        9513831.40729                102855         22980289   235073.306407        11921463.9487        12289768.6575        185417.909802        10267977.9052        121700.441964        344658.608425        9537199.30260                102884         22980260   235072.261332        11934971.9350     
               82         23526587              23               0   0.00000000000        12394285.9385        187807.654871        10328334.4467        122759.101773        347750.357678        9624126.33902                102929         23204170   235730.047128        12040180.1301        12406105.7304        187895.315696        10352483.6134        122897.686575        347257.976424        9617506.96207                102901         23204198   235592.748339        12054175.9092     
               83         23746346              25               0   0.00000000000        12511853.7907        190484.786207        10442510.5413        123942.859384        349399.066182        9709798.13906                102954         23423633   236227.035020        12158058.9034        12523829.1582        190457.701004        10432388.7333        124061.057304        348306.373714        9706025.32057                102970         23423617   236253.626597        12169852.1038     
               84         23964754              26               0   0.00000000000        12628682.9178        193012.538700        10532388.9235        125118.537907        350585.692532        9786895.81117                103000         23643346   236864.385028        12274989.4056        12640949.5674        193643.689449        10528430.9973        125238.291582        351467.646788        9820111.62773                103015         23643331   236882.214672        12286946.9435     
               85         24184502              29               0   0.00000000000        12746687.0668        195513.719384        10612728.0554        126286.829178        352214.257194        9889819.51424                103043         23861711   237404.560333        12391278.3575        12758487.7162        195886.480267        10648080.0451        126409.495674        352320.048640        9895189.51610                103056         23861698   237446.088891        12403503.4785     
               86         24403046              28               0   0.00000000000        12863675.1090        198458.426023        10721002.1990        127466.870668        353244.275910        9962917.85143                103095         24081407   238034.198537        12508652.8683        12875677.2774        198650.417732        10725476.8262        127584.877162        354284.585769        10002741.0880                103078         24081424   237979.015553        12520508.7007     
               87         24620558              29               0   0.00000000000        12980322.6847        201186.051799        10797200.5438        128636.751089        355802.002003        10087303.8780                103120         24299926   238535.632951        12625139.4760        12992144.8055        201270.481464        10839135.1659        128756.772774        355161.581081        10066393.3025                103133         24299913   238638.896782        12637038.3806     
               88         24834131              27               0   0.00000000000        13095504.9196        203755.333194        10926511.6215        129803.226847        357854.966577        10158691.3326                103165         24517393   239154.235991        12741168.4487        13106426.1246        203994.263488        10903244.3064        129921.448055        357319.056396        10152829.3982                103179         24517379   239238.317780        12752906.4877     
               89         25049095              28               0   0.00000000000        13209794.0465        206416.821975        10999468.9101        130955.049196        359034.776385        10235666.6421                103221         24730910   239802.992258        12855701.9273        13222522.6597        206823.817396        10994144.1787        131064.261246        359683.981941        10271145.9616                103220         24730911   239817.808082        12866608.3166     
               90         25263240              32               0   0.00000000000        13324900.7770        209332.238635        11080649.8577        132097.940465        361327.928414        10338395.5096                103256         24945839   240354.284390        12969439.7621        13337236.2014        209557.678061        11117758.5591        132225.226597        360221.501955        10341655.1994                103244         24945851   240343.160700        12982179.4990     
               91         25475674              30               0   0.00000000000        13438616.7144        211954.762685        11187597.2349        133249.007770        362109.009753        10426475.0694                103298         25159942   240932.370784        13083968.4063        13451336.6745        212343.590156        11192034.0561        133372.362014        362887.960726        10429312.6783                103297         25159943   240940.078477        13096296.1230     
               92         25688418              31               0   0.00000000000        13553128.2276        214689.469064        11279694.7091        134386.167144        363498.707904        10502054.1004                103353         25372321   241542.821935        13197073.8924        13565134.2127        214622.227152        11281882.8085        134513.366745        362921.120631        10495173.2098                103346         25372328   241553.481378        13209783.1931     
               93         25900909              30               0   0.00000000000        13667449.7116        217528.770230        11359845.2760        135531.282276        365269.668620        10601245.1413                103405         25585013   242184.521276        13310943.7063        13679104.2397        217578.641659        11351819.2472        135651.342127        365701.421241        10613850.1734                103396         25585022   242196.480516        13322937.7322     
               94         26111807              36               0   0.00000000000        13780387.6173        219804.738856        11462408.3896        136674.497116        366973.032053        10683015.1932                103450         25797459   242758.223846        13424691.4878        13792389.5498        220213.542385        11476398.5573        136791.042397        367004.114102        10689918.6579                103421         25797488   242754.152729        13436350.0870     
               95         26319887              33               0   0.00000000000        13891288.1706        222527.329003        11546758.5009        137803.876173        369540.640029        10758520.4916                103501         26008306   243410.436783        13536977.1805        13904891.6318        222807.861324        11554672.1137        137923.895498        368932.406559        10773616.8984                103488         26008319   243313.845116        13549075.7047     
               96         26528017              37               0   0.00000000000        14002735.3233        225012.623975        11625393.3780        138912.881706        371067.968439        10849503.0990                103544         26216343   244050.786923        13647237.3837        14017052.2645        225451.365309        11641693.6128        139048.916317        370448.650677        10857444.3171                103523         26216364   243926.852578        13660964.7792     
               97         26734924              37               0   0.00000000000        14114403.3856        228101.727777        11719669.1139        140027.353233        372157.104055        10936511.6403                103582         26424435   244627.831146        13758107.4921        14127919.0251        228132.641125        11729049.6079        140170.522645        371803.676325        10935228.2062                103536         26424481   244423.831188        13772628.4333     
               98         26940733              35               0   0.00000000000        14224789.3448        230720.090582        11812390.9276        141144.033856        374895.069246        11027341.2653                103620         26631304   245194.007402        13869209.3782        14238612.4194        231087.199235        11808924.8186        141279.190251        374167.753686        11031552.4998                103567         26631357   244989.258238        13882929.7668     
               99         27145232              40               0   0.00000000000        14334402.3574        233207.920988        11907083.7874        142247.893448        375909.909008        11105732.8263                103656         26837077   245736.469579        13979052.8752        14348415.6066        233467.058267        11911457.8109        142386.124193        375345.141595        11103558.9327                103622         26837111   245608.776464        13993003.6429     
              100         27349041              39               0   0.00000000000        14443490.1657        235879.985508        11986779.9859        143344.023574        376883.962649        11175169.9293                103688         27041544   246304.880802        14088097.4766        14458758.6750        236417.235847        11985231.9881        143484.156066        377653.474063        11206628.2626                103679         27041553   246251.345485        14102164.2611     
