#    Iteration       Energy numerator     Energy^2 numerator          EN2 numerator         Var + EN2 num.          Normalisation        Precond. energy         Precond. norm.
             1   -1.6572761119640E+11    2.2343409955023E+15    0.0000000000000E+00   -1.6572761119640E+11    1.2292501992853E+07   -1.6572920363656E+09    1.2292501993993E+05
             2   -1.6572937824809E+11    2.2343652863548E+15   -7.9234250766379E+02   -1.6572937904043E+11    1.2292630487935E+07   -1.6601038289102E+09    1.2313362357875E+05
             3   -1.6573648511791E+11    2.2344613973456E+15   -1.3930336460692E+03   -1.6573648651094E+11    1.2293155996461E+07   -1.6640409011869E+09    1.2342559192416E+05
             4   -1.6575178502238E+11    2.2346683645494E+15   -1.0601289566233E+03   -1.6575178608251E+11    1.2294287018427E+07   -1.6725660755195E+09    1.2405786062763E+05
             5   -1.6578273779899E+11    2.2350855299239E+15   -9.3545458515158E+00   -1.6578273780834E+11    1.2296583646871E+07   -1.6701219650247E+09    1.2387669253791E+05
             6   -1.6580957204284E+11    2.2354483420196E+15   -1.4721978852334E+03   -1.6580957351503E+11    1.2298568340462E+07   -1.6817486742174E+09    1.2473900592241E+05
             7   -1.6585794745631E+11    2.2361005645535E+15   -3.6362451294497E+03   -1.6585795109255E+11    1.2302156349352E+07   -1.6791605583076E+09    1.2454709578324E+05
             8   -1.6589884072030E+11    2.2366528291786E+15   -1.5090056167957E+03   -1.6589884222930E+11    1.2305184342519E+07   -1.6916317111465E+09    1.2547220113624E+05
             9   -1.6596641987575E+11    2.2375637445492E+15   -9.6260606941241E+02   -1.6596642083836E+11    1.2310197917899E+07   -1.6890958937015E+09    1.2528400301879E+05
            10   -1.6602577423434E+11    2.2383644333549E+15   -4.1968960232825E+03   -1.6602577843123E+11    1.2314597802741E+07   -1.6936304043199E+09    1.2562032797107E+05
            11   -1.6609468358822E+11    2.2392937345647E+15    6.4122976736058E+03   -1.6609467717592E+11    1.2319707554141E+07   -1.6961916742656E+09    1.2581034136251E+05
            12   -1.6616720553745E+11    2.2402716302719E+15   -4.1478518266372E+03   -1.6616720968531E+11    1.2325085870595E+07   -1.6993218047264E+09    1.2604255835152E+05
            13   -1.6624330144618E+11    2.2412982929621E+15   -8.9378848075505E+03   -1.6624331038406E+11    1.2330726072597E+07   -1.7065524231510E+09    1.2657875130660E+05
            14   -1.6633312447944E+11    2.2425094554924E+15   -1.4951448095555E+04   -1.6633313943089E+11    1.2337387586414E+07   -1.7111498253787E+09    1.2691987368920E+05
            15   -1.6642950447757E+11    2.2438092738750E+15   -1.2524734997803E+04   -1.6642951700231E+11    1.2344534049315E+07   -1.7185144676412E+09    1.2746601726891E+05
            16   -1.6653861786149E+11    2.2452807102445E+15   -4.2741850430358E+03   -1.6653862213568E+11    1.2352625278502E+07   -1.7208777092657E+09    1.2764136954959E+05
            17   -1.6665168898006E+11    2.2468052929041E+15   -1.4512901833513E+04   -1.6665170349296E+11    1.2361011230894E+07   -1.7212837346598E+09    1.2767147566830E+05
            18   -1.6676287927032E+11    2.2483051138048E+15   -2.0346615440346E+04   -1.6676289961694E+11    1.2369254399995E+07   -1.7309821210923E+09    1.2839081340804E+05
            19   -1.6689075918465E+11    2.2500291096284E+15   -2.9208012513122E+04   -1.6689078839266E+11    1.2378740079158E+07   -1.7294413068808E+09    1.2827660440312E+05
            20   -1.6701329891560E+11    2.2516816674071E+15   -7.1471506671307E+03   -1.6701330606275E+11    1.2387826590155E+07   -1.7322265372233E+09    1.2848315237451E+05
            21   -1.6713890670607E+11    2.2533756374278E+15   -1.3508312806289E+04   -1.6713892021438E+11    1.2397140400418E+07   -1.7438324720023E+09    1.2934398419701E+05
            22   -1.6728646236691E+11    2.2553649409654E+15    1.3032988152228E+03   -1.6728646106362E+11    1.2408085272275E+07   -1.7430543453132E+09    1.2928631075719E+05
            23   -1.6742846730458E+11    2.2572804946516E+15   -2.9779847355384E+04   -1.6742849708443E+11    1.2418612462462E+07   -1.7521205847873E+09    1.2995861151858E+05
            24   -1.6758595531538E+11    2.2594034909610E+15    1.9743392307143E+02   -1.6758595511794E+11    1.2430295229438E+07   -1.7512759437713E+09    1.2989610764797E+05
            25   -1.6773622986304E+11    2.2614288713762E+15   -2.8298596143866E+04   -1.6773625816163E+11    1.2441444955295E+07   -1.7442982191834E+09    1.2937864588140E+05
            26   -1.6787134877481E+11    2.2632515347116E+15   -4.5927125236234E+03   -1.6787135336752E+11    1.2451461679088E+07   -1.7562621829773E+09    1.3026595914599E+05
            27   -1.6802825893598E+11    2.2653663149461E+15   -3.8464443386856E+04   -1.6802829740043E+11    1.2463103927751E+07   -1.7476021625687E+09    1.2962360753157E+05
            28   -1.6816702151917E+11    2.2672377857573E+15   -4.3133647974993E+03   -1.6816702583254E+11    1.2473392653986E+07   -1.7584518396999E+09    1.3042837211624E+05
            29   -1.6832366840838E+11    2.2693498424139E+15   -5.1403609481543E+04   -1.6832371981199E+11    1.2485010831079E+07   -1.7541073014281E+09    1.3010612506605E+05
            30   -1.6846668380635E+11    2.2712785416380E+15   -9.2417096916053E+03   -1.6846669304806E+11    1.2495615595412E+07   -1.7669993712721E+09    1.3106239943858E+05
            31   -1.6863228750601E+11    2.2735116952816E+15   -2.0447314407611E+04   -1.6863230795333E+11    1.2507896248062E+07   -1.7728202682768E+09    1.3149412048926E+05
            32   -1.6880722621604E+11    2.2758700156324E+15   -5.8314685645485E+03   -1.6880723204751E+11    1.2520873090327E+07   -1.7669665214261E+09    1.3105997150880E+05
            33   -1.6896802463173E+11    2.2780379959851E+15   -1.0612547803228E+04   -1.6896803524428E+11    1.2532799457762E+07   -1.7680576346490E+09    1.3114092582469E+05
            34   -1.6912522827735E+11    2.2801568371852E+15   -1.5013783782843E+04   -1.6912524329114E+11    1.2544462901739E+07   -1.7629804527786E+09    1.3076430085037E+05
            35   -1.6926687659034E+11    2.2820685962869E+15   -3.0493065876132E+04   -1.6926690708340E+11    1.2554958063748E+07   -1.7938805079050E+09    1.3305608586163E+05
            36   -1.6947241834198E+11    2.2848393417309E+15   -3.2632154902746E+04   -1.6947245097414E+11    1.2570205733041E+07   -1.7836140079501E+09    1.3229466711701E+05
            37   -1.6965092305950E+11    2.2872458120139E+15   -2.7268669866712E+04   -1.6965095032817E+11    1.2583446674602E+07   -1.7838638057505E+09    1.3231326392195E+05
            38   -1.6982856208510E+11    2.2896416253271E+15   -3.5416990754774E+04   -1.6982859750209E+11    1.2596617825718E+07   -1.7962895393033E+09    1.3323488269913E+05
            39   -1.7002504854502E+11    2.2922906987676E+15   -2.3004188935200E+04   -1.7002507154921E+11    1.2611191573723E+07   -1.7987452002593E+09    1.3341702851613E+05
            40   -1.7022480648216E+11    2.2949840178290E+15   -7.4469533504505E+04   -1.7022488095170E+11    1.2626007209179E+07   -1.8088550348214E+09    1.3416688648783E+05
            41   -1.7043846054063E+11    2.2978649976584E+15   -1.9517400894066E+04   -1.7043848005804E+11    1.2641851837450E+07   -1.8130598926912E+09    1.3447875726368E+05
            42   -1.7065955885116E+11    2.3008463789858E+15   -5.4201117619336E+04   -1.7065961305228E+11    1.2658248418962E+07   -1.8185291524550E+09    1.3488439090708E+05
            43   -1.7088853807012E+11    2.3039325810042E+15   -6.1854439720914E+04   -1.7088859992456E+11    1.2675237416155E+07   -1.8082145506851E+09    1.3411940809022E+05
            44   -1.7108822663937E+11    2.3066246899732E+15   -2.5671279868683E+04   -1.7108825231065E+11    1.2690049418095E+07   -1.8076413558783E+09    1.3407693657267E+05
            45   -1.7128447388291E+11    2.3092729158017E+15   -1.2499238408238E+04   -1.7128448638215E+11    1.2704592343391E+07   -1.8290505412387E+09    1.3566470843253E+05
            46   -1.7152199207214E+11    2.3124737358644E+15   -3.1299620627062E+04   -1.7152202337176E+11    1.2722217476802E+07   -1.8143880148655E+09    1.3457720438129E+05
            47   -1.7172413228917E+11    2.3151985225442E+15   -1.8571389371211E+04   -1.7172415086056E+11    1.2737213389688E+07   -1.8106690448328E+09    1.3430150248353E+05
            48   -1.7191364336425E+11    2.3177544525185E+15   -5.6482771545112E+04   -1.7191369984702E+11    1.2751264808821E+07   -1.8290897283283E+09    1.3566771236081E+05
            49   -1.7213563342050E+11    2.3207472981108E+15    3.8153042060408E+03   -1.7213562960519E+11    1.2767730603299E+07   -1.8228413009323E+09    1.3520439036750E+05
            50   -1.7234334227359E+11    2.3235487134957E+15   -4.0806422903523E+04   -1.7234338308002E+11    1.2783131020968E+07   -1.8412211309893E+09    1.3656741639492E+05
            51   -1.7258527025959E+11    2.3268096787379E+15   -3.7878846460370E+04   -1.7258530813844E+11    1.2801079432157E+07   -1.8338593649717E+09    1.3602149178257E+05
            52   -1.7280562421959E+11    2.3297814659757E+15   -2.0261919886583E+04   -1.7280564448151E+11    1.2817418375290E+07   -1.8472269252336E+09    1.3701292278727E+05
            53   -1.7304699965324E+11    2.3330340015567E+15   -2.5823802113277E+04   -1.7304702547705E+11    1.2835331195193E+07   -1.8192316111846E+09    1.3493657015346E+05
            54   -1.7322579230279E+11    2.3354451146695E+15   -8.2922778662257E+04   -1.7322587522557E+11    1.2848589307717E+07   -1.8305418016758E+09    1.3577544663314E+05
            55   -1.7342389241472E+11    2.3381150998737E+15   -6.8059142542540E+04   -1.7342396047386E+11    1.2863287385987E+07   -1.8250361125033E+09    1.3536710716794E+05
            56   -1.7360517727938E+11    2.3405604382198E+15   -8.4937519904747E+04   -1.7360526221690E+11    1.2876726914144E+07   -1.8370306601155E+09    1.3625670710938E+05
            57   -1.7381089093209E+11    2.3433345110137E+15   -1.7509957323323E+04   -1.7381090844205E+11    1.2891981778514E+07   -1.8492740271888E+09    1.3716479896355E+05
            58   -1.7404187021261E+11    2.3464493893855E+15   -7.2024099220764E+04   -1.7404194223671E+11    1.2909109710297E+07   -1.8563949626752E+09    1.3769292484927E+05
            59   -1.7428017528916E+11    2.3496612498961E+15   -8.7014954726688E+04   -1.7428026230411E+11    1.2926790834765E+07   -1.8489013504042E+09    1.3713715151839E+05
            60   -1.7449583110319E+11    2.3525706839500E+15   -5.3422414651268E+04   -1.7449588452560E+11    1.2942775870739E+07   -1.8684360523304E+09    1.3858601639310E+05
            61   -1.7474856713529E+11    2.3559772276628E+15   -7.4237950034854E+04   -1.7474864137324E+11    1.2961526692571E+07   -1.8642115942534E+09    1.3827280369994E+05
            62   -1.7498412130701E+11    2.3591536062074E+15   -1.4120196068529E+05   -1.7498426250897E+11    1.2978994942179E+07   -1.8684107391249E+09    1.3858402501957E+05
            63   -1.7522429642339E+11    2.3623906170752E+15   -7.2227816167314E+04   -1.7522436865121E+11    1.2996815110126E+07   -1.8576742298503E+09    1.3778780803822E+05
            64   -1.7543894812491E+11    2.3652855418032E+15   -7.0092128091956E+04   -1.7543901821704E+11    1.3012731014894E+07   -1.8721321893314E+09    1.3886021176283E+05
            65   -1.7567348866421E+11    2.3684468444766E+15   -6.0348710085288E+04   -1.7567354901292E+11    1.3030131835176E+07   -1.8624872786957E+09    1.3814490416131E+05
            66   -1.7588709188728E+11    2.3713268975712E+15   -9.7331475254306E+04   -1.7588718921876E+11    1.3045974021691E+07   -1.8632352003321E+09    1.3820030129292E+05
            67   -1.7610677214282E+11    2.3742889250078E+15   -3.3972941648567E+03   -1.7610677554011E+11    1.3062266717152E+07   -1.8734057980322E+09    1.3895476143592E+05
            68   -1.7633331242425E+11    2.3773443306217E+15   -1.0581784732837E+05   -1.7633341824210E+11    1.3079063339918E+07   -1.8874316977413E+09    1.3999491668624E+05
            69   -1.7659023305169E+11    2.3808080765532E+15   -5.3083074901145E+04   -1.7659028613477E+11    1.3098120224276E+07   -1.8877749237559E+09    1.4002047232163E+05
            70   -1.7683758697901E+11    2.3841421260895E+15   -4.8774332416234E+04   -1.7683763575335E+11    1.3116471470142E+07   -1.8746926071952E+09    1.3905015475962E+05
            71   -1.7705821309732E+11    2.3871166983910E+15   -6.0194182815109E+04   -1.7705827329150E+11    1.3132835464526E+07   -1.8750245126826E+09    1.3907474330618E+05
            72   -1.7727283045548E+11    2.3900091766721E+15   -7.5918983278313E+04   -1.7727290637446E+11    1.3148759734021E+07   -1.8739374949724E+09    1.3899420490801E+05
            73   -1.7748283943760E+11    2.3928432348400E+15   -8.6738601807120E+04   -1.7748292617620E+11    1.3164321776983E+07   -1.9049789765912E+09    1.4129639134240E+05
            74   -1.7774640771700E+11    2.3963956404685E+15   -8.6562199817787E+04   -1.7774649427920E+11    1.3183877040732E+07   -1.8948341792221E+09    1.4054407200993E+05
            75   -1.7798654114684E+11    2.3996341933654E+15   -6.2078937849199E+04   -1.7798660322578E+11    1.3201682542362E+07   -1.9076475498305E+09    1.4149435243960E+05
            76   -1.7824301975545E+11    2.4030903498693E+15   -1.0813130148262E+05   -1.7824312788675E+11    1.3220715610170E+07   -1.8868244532891E+09    1.3994996653611E+05
            77   -1.7845811711686E+11    2.4059914211610E+15   -2.0272125704977E+04   -1.7845813738899E+11    1.3236663811115E+07   -1.9030437127302E+09    1.4115293437567E+05
            78   -1.7870372312950E+11    2.4093028835575E+15   -1.2877750649569E+05   -1.7870385190700E+11    1.3254880028125E+07   -1.9064601576800E+09    1.4140621171382E+05
            79   -1.7894840109348E+11    2.4126005118377E+15   -6.2186786175539E+04   -1.7894846328027E+11    1.3273034679456E+07   -1.8962206333558E+09    1.4064698714368E+05
            80   -1.7916621309152E+11    2.4155385341455E+15   -6.5330689254269E+04   -1.7916627842221E+11    1.3289182294717E+07   -1.9095018326966E+09    1.4163201806333E+05
            81   -1.7940562888817E+11    2.4187663989953E+15   -8.5738088416177E+04   -1.7940571462626E+11    1.3306940140551E+07   -1.9080108550536E+09    1.4152139017887E+05
            82   -1.7963364866530E+11    2.4218402410857E+15   -1.3607284264653E+05   -1.7963378473814E+11    1.3323854809366E+07   -1.9080309532408E+09    1.4152279874488E+05
            83   -1.7986365580974E+11    2.4249408962618E+15   -7.1484741816286E+04   -1.7986372729448E+11    1.3340916777929E+07   -1.9007768189249E+09    1.4098489999405E+05
            84   -1.8007025075597E+11    2.4277257934546E+15   -9.0267586510626E+04   -1.8007034102355E+11    1.3356242827424E+07   -1.9028494418086E+09    1.4113860422707E+05
            85   -1.8028144297652E+11    2.4305746811843E+15   -9.2455892820375E+04   -1.8028153543241E+11    1.3371898810693E+07   -1.9215111113042E+09    1.4252277143265E+05
            86   -1.8051929213499E+11    2.4337807807424E+15   -1.1200193973398E+05   -1.8051940413693E+11    1.3389543996668E+07   -1.9143543785969E+09    1.4199187414457E+05
            87   -1.8073815135208E+11    2.4367317740176E+15    8.2447161812026E+03   -1.8073814310736E+11    1.3405775600505E+07   -1.9216339808004E+09    1.4253188998485E+05
            88   -1.8096564861772E+11    2.4397997522049E+15   -3.4385940810177E+04   -1.8096568300366E+11    1.3422645018381E+07   -1.9289142855026E+09    1.4307171601232E+05
            89   -1.8121382969114E+11    2.4431445912586E+15   -8.2928255461535E+04   -1.8121391261939E+11    1.3441059606455E+07   -1.9203586679320E+09    1.4243731223154E+05
            90   -1.8143398657497E+11    2.4461126665658E+15   -1.2464386866625E+05   -1.8143411121884E+11    1.3457389736906E+07   -1.9178369644748E+09    1.4225017924375E+05
            91   -1.8164156197982E+11    2.4489129226861E+15   -1.4639528573034E+05   -1.8164170837511E+11    1.3472776734695E+07   -1.9390659034353E+09    1.4382458842166E+05
            92   -1.8189051365869E+11    2.4522690994541E+15   -1.5777526701555E+05   -1.8189067143395E+11    1.3491243263486E+07   -1.9337615962183E+09    1.4343128055224E+05
            93   -1.8212019184023E+11    2.4553654351629E+15   -8.8782053398428E+04   -1.8212028062228E+11    1.3508280195901E+07   -1.9385243237192E+09    1.4378472285669E+05
            94   -1.8235790769207E+11    2.4585703168888E+15   -1.1539400612226E+05   -1.8235802308608E+11    1.3525912306718E+07   -1.9396468582317E+09    1.4386784001811E+05
            95   -1.8259592896314E+11    2.4617796711959E+15   -7.7027602167849E+04   -1.8259600599074E+11    1.3543565116791E+07   -1.9372405453813E+09    1.4368940378011E+05
            96   -1.8282548476447E+11    2.4648740596062E+15   -1.4009360526692E+05   -1.8282562485807E+11    1.3560594610800E+07   -1.9367738724745E+09    1.4365473787289E+05
            97   -1.8304452255159E+11    2.4678272323191E+15   -1.0764986221340E+05   -1.8304463020145E+11    1.3576840715142E+07   -1.9367577665225E+09    1.4365351282735E+05
            98   -1.8326467250957E+11    2.4707946350855E+15   -4.8426229092214E+04   -1.8326472093579E+11    1.3593173516908E+07   -1.9354015968295E+09    1.4355297581023E+05
            99   -1.8347516510789E+11    2.4736346306011E+15   -1.0006335834838E+05   -1.8347526517125E+11    1.3608774636536E+07   -1.9563765295550E+09    1.4510859913604E+05
           100   -1.8372129600648E+11    2.4769518796650E+15   -9.3619396669166E+04   -1.8372138962588E+11    1.3627036879973E+07   -1.9496547025516E+09    1.4461016224799E+05
