       -9007203096869067    -8954352327863566337                  524463
       -9007203096869065    -8954352327863566337                     175
       -9007203080091849    -9026409921901494273                     175
       -9009402120124617    -6648509318649872385                     175
       -9007207375059145    -8954352327863566337                     175
       -9007203097393353    -8954352327863566337                     687
       -9007203096934601    -8954352327863566337                     239
       -9007203097131209    -8954352327863566337                   65711
       -9011601126602953    -8954352327863566337                     175
       -9007203096899785    -8954352327863566337                     175
       -9007203096870089    -8954352327863566337                     191
       -9007200949385417    -8954352465302519809                     175
       -9007203098966217    -8954352327863566337                  131247
       -9007203096869001    -8954352327863566337                     171
       -9007203096868937    -8954352327863566337                     167
       -9007202559998153    -8954352465302519809                     175
       -9008302608496841    -7801430823256719361                     175
       -9007211686803657    -8954352327863566337                    2223
       -9007203096869321    -7801430823256719361                     175
       -9024795282913481    -8953226427956723713                     175
       -9007203096869066    -8954352327863566337                  262319
       -9007203081140425    -8954352327863566337                     175
       -9007203097393353    -8954352327863566337                  131247
       -9007203096864969    -8954352327863566337                     174
       -9007203096869066    -8954281959119388673                     175
       -9007203096867529    -8954352327863566337                     175
       -9007203105257665    -8954352327863566337                     175
       -9007203096869577    -6648509318649872385                     175
       -9007203096860873    -8954352327863566337                     173
       -9007203029760201    -9026409921901494273                     175
