  # Orbital no.         Normalised occupation
              1                  0.0083320625
              2                  0.0081881874
              3                  0.0085892357
              4                  0.0006466998
              5                  0.0086270366
              6                  0.0086294151
              7                  0.0007141855
              8                  0.0007603461
              9                  0.0083909798
             10                  0.0084146771
             11                  0.0083281521
             12                  0.0007917665
             13                  0.0006794885
             14                  0.0006614366
             15                  0.0085723813
             16                  0.0085877315
             17                  0.0083615787
             18                  0.0007424425
             19                  0.0082856978
             20                  0.0084087734
             21                  0.0083988104
             22                  0.0085657670
             23                  0.0085332495
             24                  0.0085802140
             25                  0.0012937782
             26                  0.0086054191
             27                  0.0010907143
             28                  0.0085876742
             29                  0.0084646528
             30                  0.0006393080
             31                  0.0007545520
             32                  0.0006825618
             33                  0.0082399276
             34                  0.0085087697
             35                  0.0085351960
             36                  0.0086011436
             37                  0.0086306860
             38                  0.0086654647
             39                  0.0084907899
             40                  0.0086130116
             41                  0.0085542943
             42                  0.0086048591
             43                  0.0084456539
             44                  0.0086102270
             45                  0.0084041284
             46                  0.0086071131
             47                  0.0086217581
             48                  0.0086127743
             49                  0.0085718079
             50                  0.0085428701
             51                  0.0084864196
             52                  0.0085422894
             53                  0.0085087451
             54                  0.0006621287
             55                  0.0085014730
             56                  0.0085062726
             57                  0.0085067684
             58                  0.0086101652
             59                  0.0086082233
             60                  0.0086221121
             61                  0.0086682205
             62                  0.0086780055
             63                  0.0086554987
             64                  0.0086699722
             65                  0.0087538971
             66                  0.0087584995
             67                  0.0087707922
             68                  0.0087587488
             69                  0.0087600009
             70                  0.0087680123
             71                  0.0087201787
             72                  0.0086800904
             73                  0.0087213126
             74                  0.0087495982
             75                  0.0087180411
             76                  0.0087245203
             77                  0.0087081677
             78                  0.0087424961
             79                  0.0086879102
             80                  0.0087117213
             81                  0.0086554430
             82                  0.0086850819
             83                  0.0086616308
             84                  0.0086650303
             85                  0.0087738911
             86                  0.0087868325
             87                  0.0087709646
             88                  0.0087843719
             89                  0.0087079672
             90                  0.0087544178
             91                  0.0087302059
             92                  0.0087616115
             93                  0.0087177912
             94                  0.0087433652
             95                  0.0087107730
             96                  0.0087338890
             97                  0.0087330719
             98                  0.0087517830
             99                  0.0087322688
            100                  0.0087246425
            101                  0.0086485080
            102                  0.0086701481
            103                  0.0086933984
            104                  0.0087284010
            105                  0.0086907230
            106                  0.0087331066
            107                  0.0087025457
            108                  0.0087363151
            109                  0.0086539071
            110                  0.0087045815
            111                  0.0005500594
            112                  0.0087304424
            113                  0.0086231698
            114                  0.0087156125
            115                  0.0008104715
            116                  0.0086961397
            117                  0.0086439450
            118                  0.0086868412
            119                  0.0006960437
            120                  0.0087045282
            121                  0.0085620529
            122                  0.0086818632
            123                  0.0006073432
            124                  0.0006595708
            125                  0.0007789238
            126                  0.0008935192
            127                  0.0008434642
            128                  0.0086590459
            129                  0.0085864426
            130                  0.0086370048
            131                  0.0086222526
            132                  0.0086497175
            133                  0.0006125982
            134                  0.0086263873
            135                  0.0006080089
            136                  0.0086820821
            137                  0.0005427451
            138                  0.0005588881
            139                  0.0005485221
            140                  0.0005972974
            141                  0.0005351644
            142                  0.0005488648
            143                  0.0005626260
            144                  0.0005565102
            145                  0.0006407945
            146                  0.0006843461
            147                  0.0006220544
            148                  0.0008350077
            149                  0.0001957638
            150                  0.0001927017
            151                  0.0002636811
            152                  0.0002711020
