  # Orbital no.         Normalised occupation
              1                  0.0175722318
              2                  0.0175677791
              3                  0.0175123993
              4                  0.0175126576
              5                  0.0175087669
              6                  0.0175104043
              7                  0.0172297480
              8                  0.0172356381
              9                  0.0174756542
             10                  0.0174764851
             11                  0.0178312930
             12                  0.0178281377
             13                  0.0176231662
             14                  0.0176239154
             15                  0.0173351034
             16                  0.0173278715
             17                  0.0177363498
             18                  0.0177317267
             19                  0.0172576103
             20                  0.0172542623
             21                  0.0179410849
             22                  0.0179373862
             23                  0.0172259433
             24                  0.0172269671
             25                  0.0172067038
             26                  0.0171986215
             27                  0.0168682047
             28                  0.0168648223
             29                  0.0184042948
             30                  0.0184034497
             31                  0.0181338456
             32                  0.0181326033
             33                  0.0161372842
             34                  0.0161424376
             35                  0.0156440401
             36                  0.0156488631
             37                  0.0177263948
             38                  0.0177259769
             39                  0.0174837492
             40                  0.0174889520
             41                  0.0182922931
             42                  0.0182927067
             43                  0.0176992781
             44                  0.0177007047
             45                  0.0181919723
             46                  0.0181919720
             47                  0.0159749852
             48                  0.0159703676
             49                  0.0148172941
             50                  0.0148161182
             51                  0.0173528454
             52                  0.0173506912
             53                  0.0178353771
             54                  0.0178322830
             55                  0.0031377418
             56                  0.0031365212
             57                  0.0027335706
             58                  0.0027293541
             59                  0.0039294068
             60                  0.0039331627
             61                  0.0028141164
             62                  0.0028261834
             63                  0.0010689026
             64                  0.0010769415
             65                  0.0008391820
             66                  0.0008317313
             67                  0.0004384075
             68                  0.0004386454
             69                  0.0017423528
             70                  0.0017485417
             71                  0.0014585894
             72                  0.0014613480
             73                  0.0015368457
             74                  0.0015327507
             75                  0.0013495453
             76                  0.0013537185
             77                  0.0013261823
             78                  0.0013263748
             79                  0.0012766097
             80                  0.0012774352
             81                  0.0009832226
             82                  0.0009829559
             83                  0.0008818816
             84                  0.0008836291
             85                  0.0008943272
             86                  0.0008920593
             87                  0.0005755784
             88                  0.0005754599
             89                  0.0008800284
             90                  0.0008795319
             91                  0.0007967799
             92                  0.0007966039
             93                  0.0004166259
             94                  0.0004152670
             95                  0.0005670273
             96                  0.0005679131
             97                  0.0004986809
             98                  0.0005003593
             99                  0.0004830172
            100                  0.0004828345
            101                  0.0003769677
            102                  0.0003771216
            103                  0.0004491759
            104                  0.0004524482
            105                  0.0002753163
            106                  0.0002748505
            107                  0.0002520039
            108                  0.0002524564
