# POPSFILE VERSION 4
&POPSHEAD Pop64Bit=T
PopHPHF=F,PopLz=F,PopLensign= 2,PopNEl= 54,
PopTotwalk=      375465314
 PopMultiSft= -0.503809438168751      -0.506478465554253     
 PopMultiSumNoatHF=   2184536997.51520        2187859553.95563     
 PopMultiSumENum=  -1096565026.01135       -1097713714.80733     
PopCyc=          424700,PopNIfD= 1,PopNIfY= 0,PopNIfSgn= 2,
PopNIfFlag= 1,PopNIfTot= 4,PopTau=    0.000169531093,
PopiBlockingIter=          152850
PopPSingles=    0.025772437602,PopPParallel=    0.309248440481
,PopPDoubles=    0.974227562398,PopPSing_spindiff1=    0.000000000000
,PopPDoub_spindiff1=    0.000000000000,PopPDoub_spindiff2=    0.000000000000
PopTotImagTime=   73.359082179485
PopGammaSing= 152.020372432    ,PopGammaDoub= 5821.82253337    ,PopGammaOpp= 3969.43396721    ,PopGammaPar= 1777.10965257    ,PopMaxDeathCpt= 23.3733413796    
,PopGammaSing_spindiff1= 0.00000000000    ,PopGammaDoub_spindiff1= 0.00000000000    ,PopGammaDoub_spindiff2= 0.00000000000    
PopBalanceBlocks=  28000
PopNNodes=   280
PopWalkersOnNodes=         1341613,         1338738,         1340220,         1341643,         1342532,         1343809,         1340179,         1341645,         1342050,         1340863,         1339054,         1338050,         1341397,         1339623,         1341526,         1341503,         1339249,         1341309,         1340693,         1340636,         1340598,         1341235,         1341262,         1342025,         1339929,         1339081,         1340833,         1339418,         1338069,         1342423,         1341229,         1341384,         1343178,         1343258,         1341726,         1339176,         1339416,         1338636,         1340050,         1341515,         1341898,         1340806,         1341635,         1339609,         1339570,         1340009,         1341174,         1340949,         1341223,         1339732,         1342804,         1343768,         1342398,         1341507,         1340990,         1340755,         1340998,         1339202,         1342452,         1340161,         1338716,         1341948,         1341644,         1342002,         1341887,         1340513,         1340867,         1343212,         1340111,         1340385,         1341388,         1340504,         1339532,         1341713,         1339095,         1342371,         1342046,         1340692,         1340029,         1342276,         1341136,         1340392,         1341820,         1341848,         1341136,         1341474,         1340956,         1343061,         1341907,         1339564,         1340311,         1343391,         1342726,         1341153,         1340635,         1341528,         1342312,         1340448,         1341077,         1341178,         1339991,         1340433,         1341496,         1341951,         1341342,         1339821,         1340467,         1340935,         1343611,         1341441,         1340378,         1341935,         1340217,         1339773,         1339203,         1340825,         1339912,         1341391,         1340200,         1341720,         1339880,         1341830,         1341353,         1340199,         1342692,         1340954,         1342408,         1340769,         1343822,         1340653,         1341970,         1341223,         1339954,         1343292,         1338111,         1340694,         1342725,         1343007,         1341657,         1342469,         1340316,         1341662,         1340352,         1340970,         1338014,         1340131,         1339810,         1341209,         1340621,         1343591,         1341689,         1340940,         1339395,         1341705,         1339631,         1341106,         1341527,         1339397,         1341215,         1339705,         1339910,         1341198,         1338563,         1340362,         1340801,         1340753,         1340500,         1340232,         1339120,         1340400,         1341728,         1340179,         1340013,         1339805,         1343300,         1341039,         1340366,         1340433,         1345301,         1341668,         1342434,         1339700,         1339631,         1341273,         1339156,         1341327,         1342269,         1341114,         1342897,         1340368,         1340129,         1342422,         1337891,         1341141,         1340568,         1339161,         1339608,         1338682,         1340460,         1338585,         1339831,         1341763,         1339952,         1341075,         1341211,         1340728,         1342451,         1339731,         1342671,         1340385,         1340712,         1339049,         1338352,         1342158,         1343148,         1341407,         1342363,         1341578,         1338810,         1340390,         1342314,         1341814,         1341771,         1338885,         1339463,         1340238,         1340968,         1340634,         1339858,         1340770,         1339057,         1340529,         1342074,         1342003,         1343060,         1339748,         1341009,         1341428,         1341142,         1340910,         1340062,         1342042,         1341907,         1342450,         1340807,         1342010,         1340295,         1342212,         1341141,         1340799,         1340729,         1341237,         1341910,         1339714,         1339122,         1341005,         1339544,         1341481,         1340637,         1341756,         1338698,         1340469,         1341177,         1340263,         1341496,         1341410,         1341055,         1342873,         1340044,         1339561,         1340813,         1341148,         1340319,         1341132,         1343779,         1340483,         1341164,         1340984,         1343806,         1342766,
PopRandomHash=        79256,      102053,       57712,       37785,       61685,       93232,       93334,       84805,       41028,       52165,       93565,       45748,        7240,       59089,       97760,       71372,       56671,      107713,      102075,       45043,       38305,       86052,        2681,       14193,        4647,       59810,       32166,       57579,       88249,       42856,        7822,      105662,       18478,       15257,       44321,       48016,       25176,       61049,        9675,       76300,       44104,       58755,       96905,       35779,        4919,       34574,      104604,       83987,       10632,       20619,       94386,       53901,       89292,       74422,       77478,        6835,       35768,       11961,       46411,      105069,       52185,       32074,       88204,       72078,       13525,       18685,       37340,       70299,       70004,       37328,       32836,       26336,       12200,       65369,        3588,       74880,       96997,       22457,       15696,       55159,       91810,       57617,       22431,        7979,       97188,       64727,        8972,       55164,        1753,        4349,       33861,       27776,       17010,       29833,       60916,       56355,       75043,      103959,       96771,       74628,       71427,       91556,       83125,       73320,       46388,       19986,        2804,       89650,
 &END
