       18014398509481919                 1048576
      162120786197348351                    1024
      868350303152373759                     768
     3692810926890680319                       0
       18014398475927551                   32768
       18014398508695551                      48
       87820188438757375                 2097152
      305963299684482815                    1024
      162129577995403007                      16
       18014398509219839                    4096
      126100776681471999                       0
       18014398358487039                       3
       42784196460019711                     512
      161003678088560639                 1048576
      881861102034485245                   32768
     1314971926354984959                       0
    -9205357638345293857                       0
       18014329790005247                67108864
       18014398508433407                     256
       18014398508957695                  524288
       18014398508957695                33554432
       18014398509481727                    1024
       90071988252442591                  131072
      162129577995403199                     256
      593912200859484155                     256
    -4593671619918053377                       0
      162129577995403259                   16384
      216172721984241663                       0
      611645124392255487                       0
     1242923124115111935                       0
       90071438496628735                      32
     1025967494017318911                       0
     2395910595124658175                       0
       18014398509481471                  131072
       54043161168707579                     256
       90067594500898815                       0
     2323716665939853311                      64
       18014398408818687                       3
       18014398509481951                      32
       90071988118224895                  524288
       90071988118224895                33554432
      882705114647756799                       0
     1170865534371627007               134217728
    -9205357638483705857                   65536
    -3729824916396048385                       0
       87820188438757375                     128
       18014398509481919              1073741824
       90071988118224895                   32768
      305963299684450303                    8192
       18014329790005247                   16384
       18014398509481982                      16
       90071717661114367                    2048
     1170865534367956991                    1024
       36028779839094775                      32
      234187154853462015                       0
      306244705941684223                      32
     2323707874141798399                    2048
       18005602416459775                     128
      234178109652336639                       0
       18014398509416447                    4096
      305963299684483069                    2048
     2323716670234812415                     128
     2393592833203240959                       0
       15762598695796735             34359738368
       17873661021126655                      32
      162129577995370495                      32
      593912200859483647                    2048
     1152077015252205567                       0
     3473401212609495039                       0
        9007199254740991                     512
       18014398509219839                      16
       72057542296993791                       3
      159877778181718015              8589934592
     2395914988876201983                       0
       18014398308155391                50331648
       54043161168707575                    8192
       72057542431211519                       1
     4629700416920076287                       1
       18014398509481791                     768
       90071717665308671                    1024
     1170865534372151263                    8192
     2467823062217654271                       0
       34902897112121343                       0
      234186355989544959                       0
      881861102034485183                 1048576
     1170865534363762687                    2048
     2323716670234818559                    2048
       18014394214514687                    4096
       18014398509481979                   16384
       36028779839078399                     256
       72057542498320367                    1024
       17803292276948991                     192
       18014397704175615           3298534883328
       18014398509481967                   16384
    -9205357638481608705                       2
    -4593671619918102529                       0
       18014398508957695                    8192
       72057542431211519                   65536
      162129036821135359                    2048
      216172721984241599                     256
     1170865534237933567                    2048
       18014398509465599                     256
       36028779839094779                   16384
       72057542481543167                     256
     4629700416936804351                       0
       18014398509481967                  262144
      881861101900267519                  131072
      915638099239763967                       0
     1242922853532172287                       0
       90071988252442111                   32768
    -3729824916405485569                       0
       18014398509481663                     272
       54043161168707582                      64
      288089608598585343                       0
     3187563373759823871                       0
     3476567668658536447                     512
     3476761317996494847                       0
       90071717652725759                     256
       90071988252442111                33554432
      162129577995403199                 1048576
      230809480902737919                       0
     1170865534237933567                  524288
    -9205357638362071043                       1
      161003678088560639                      64
     2323716395356913663                    1024
       13510798882111487                     256
       15762598695796735                      32
       18001204369948671                    3072
      880735202127642623                      64
     1098033059514548223                       0
      593912200859484151                    8192
     2323716120479006719                    2048
       18014398442373119                16777216
      234183882088382463                       0
      881861102034452479                      32
       18014398505287679                     256
       18014398509481975                    2048
      305963299684483067                    4096
      951666891963760639                      32
     4341258728394194943                       0
       18014398509449215                     128
       31525180211724287                    4096
       54043161168707575                   32768
       18014394214514687                      16
      305963299684450303                    2048
     2034712237896630271                     128
     2034712237897154527                    2048
       36028779839094767                      16
       90071988252442495                     512
       17803292276948991                    3072
       18014398492704767                      64
      593912200859483903                    4096
       18014398509219839                    1024
     1170861136325640191                67108864
     1170865534372151291                    1024
       27021580584353791                     128
       54043161151930367                      64
       88946088345599999                      64
      881861101967376383                   16384
     2467831308554862591                       0
       18014398509481727                   65536
       36028779839086591                    8192
       72057542489931775                    2048
       90071988235665407                 1048576
      162129036812746751                     256
      305963299684483069                    8192
      593912200859467775                    1024
    -9205357638412402691                       1
    -4593671620056317953                       0
       18014398459150335                       3
       18014398509481727                    4096
     1170790767581462527                     128
     4629700416902266879                       2
       18014398509481975                   32768
       54043161168707582                   16384
       71987190934011903                       0
      306244705941192703                      32
       90071988252442623                       0
       16888498602639359                      64
       18014398375264255                     128
       18014398509477887                      16
       90071988252442559                    4096
      162129028239589375                     128
       58546795155816447                       0
      161003678088560639                  262144
      881861102034485119                 2097152
     1169669265721131007                      32
     1170865534363762687                    8192
     1170865534372151263                    2048
     5493547120461807615                       0
       18014398442373119                      64
      877357502407114751                     256
      881861101900267519                       2
     1206753593902759935                       0
     2323716661644886015                     128
     2447701947889745919                       0
    -4593671619922231297                       0
       18014398509481215                      48
       58546743616208895                     768
     1170865534372150271                    1024
      121597155579265023                       0
      305963299684483067                      16
      881861102034484991                      16
     1170865534237933567                    8192
     2323716670234820607                       0
     3800826927728558079                       0
     4629700416798457855                       2
    -4593671619920019457                       0
       17732923532771327                   16384
       31525180211724287                      16
     1170865534305042431                    1024
    -8341510934820421633                       0
        4503599627370495                   12288
       18014123631575039                       1
       18014398508695551                     144
     2323716670234296319                  131072
     3527444356598333439                       0
       15762598695796735                     512
       18014398508695551                    4128
       18014398509481343                     544
       36028779839094767                    4096
       90071713374535679                     256
       17944029765304319                      64
       18014398442373119                 4194304
       18014398492704767                   16384
      162129577995403247                   16384
      593912200859222015                    1024
      288159960162893823                       0
      593912200859483903                      16
      593912200859484157                      32
     1170865534371889151                   65536
     3476567806080712703                     256
    -9205357638546620417                       1
       47287796087390207                     256
       54043161168707567                     256
     3475653010275696639                       0
     3476567806097489887                     512
       18014123631575039                    4096
       18014398492704767                  262144
     3259761692401205247                       0
       17451448556060671                   32768
      103582774249652223                       0
      162125179948892159                      16
      162129303117496319                16777216
      162129577995403199                      64
      881861102026096639                      32
     2178826876217196543                       0
      881861102000930815                     512
     3476567806030381055                      16
      593912200859484151                    2048
    -4593671619917905924                       0
       18013848753668095                    8192
      881861101900267519                      32
     1242918730363568127                       0
    -9205357638378979329                       2
       18014398509481975                    8192
      162129577995403199            274877906944
       18014398440275967                       3
       18014398442373119                   16384
       54043161168674815                     512
      872853902779744255                     512
     3476765718190489599                       0
     4629700399757000703                       0
     4629700416868712447                       1
      162120781902381055                    2048
      162129577928294399                16777216
      593912200859467775                      16
     3503589369501974527                     512
     4629700416936869871                       0
       90071988252442367                   16384
     1170856738279129087                     128
     4629700416802635775                       2
       36028779839094781                   32768
      162129577861185535                      32
     3476743726884192255                       0
     3485574988172361727                     512
       17873661021126655                     128
       18014398475927551                  131072
     1224908678360465407                     128
       88946088345599999                 1048576
      162129577995403135                     128
       18014398509481855                 2097152
       36028779839094751                     128
      593912200859451391                      32
     1170865534372118527                    2048
    -9205357672705032193                       0
       18014123631575039                      16
       18014398509481967                       1
       54043161168707551                      32
      162129303117496319                      64
      162129577995402751                      32
      162129577995403199                   16384
       18005602416459775               134217728
       70931642591477759                      64
     2034712237896892415                      64
     2321535239165313023                      16
       18014381329612799                    4096
      305963299684483067                    1024
     2323716670234804223                    1024
    -9205357638353682433                       0
    -9205357638345424897                       0
       18014398508695551                     192
       54043161168707579                   16384
       90071988218888191                     128
       90071988252442367                67108864
       90071988252442615                   32768
       18014398509479935                    2048
       18014398509481919              4294967296
       18014398496899071                    3072
       18014398509481967                    4096
       81064788997701631                      32
       90071988252442111               134217728
      234173986483732479                       0
       72057542498058239                      64
       90071988252434431                     512
      593912200859222015                      16
      593912200859483903                    1024
      953918691777445759                     512
      341429146750025727                       0
       18014398501093375                      32
       36028779839094779                    4096
       72057542494126079                      16
       90071988118224895                  131072
      162129577995403135                 2097152
      593912200859467775                    4096
       18013848753668095                 8388608
       18014398475927551                     512
     3259550599053574143                       0
     3476638170546700287                       0
       18014398509481471                 2097152
    -4593671620119232513                       0
       51791395714760703                       0
      305963299683958783                    2048
      593912200859484158                    4096
      882704908489326591                       0
        4503599627370495                   33024
       90071988218888191                 2097152
       90071988235665407                   16384
      180143972209917951                       0
      162129577928294399                67108864
       18014398509481791                     384
     1170865534372151287                    2048
       18014364149743615                     512
       18014398496899071                      12
       18014398508957695                     512
       18014398509473791                      32
       18014398509481981                     128
       87820188438757375              8589934592
       18014398475927551                       2
       18014398509481979                     256
       36028779839078399                   16384
      881861101967376383                       1
      305963299684482559                 2097152
     4629700416735543295                       2
       18014398308155391                      48
       18014398509481791                   49152
       18014398509481967                      16
     1098033871263367167                       0
     1170865534372151279                    1024
       18010000462970879                67108864
       18014398308155391                  196608
       72057542498320319                 1048576
      593912200859222015                    4096
      881861102034485231                    1024
        4503599627370495                      48
       54043161168707551                     512
      305963299684482943                     512
      881861102033698815                      48
       88946088345599999                     256
      234046438839943167                       0
      881861101967376383                    4096
     2395769866226237439                       0
     3476726135771889663                       0
       90071988252442367                16777216
      159877778181718015                     128
      162129577978626047                   16384
      881861101967376383                   65536
     4610630422840213503                       0
    -3729824916392951809                       0
       90071988185333759                      16
      898749600637124607                       0
    -4593671619921051649                       0
       90067590205931519                      64
      162129577928294399                  262144
      881861102034483199                    2048
      881861102034485247                       0
     2323716670234804223                      16
       18010000462970879                      64
       18014261070528511                     512
       18014398375264255                      32
      593912200859484158                      16
      161003678088560639                    4096
      162129028239589375                      32
      881861101833158655                       3
       90071988252442495                 2097152
    -9205357638479642625                       2
       18014398459150335                  262656
     1170865534237933567                  131072
    -4593671619917971459                       0
       18014389919547391                     128
       18014398459150335                  786432
       72057542494126079                    1024
      305963299684482815                     256
     2323716670167711743                      64
     4340414509622493183                       0
    -9205357638479511553                       0
       18014398492704767                       1
       72057568268124159                       0
     1170865534372134911                    1024
      159877778181718015                 2097152
      234187141968560127                       0
      593912200859483647                     512
     3187563373759561727                      64
     4071042905370787839                       0
     4629700416869761023                       0
     4629700416903299071                       2
       36028779839094767                   16384
       69805793150500863                       0
      593912200859484155                    1024
     3187563373755629567                    1024
        9007199254740991                    2048
       36028711119618047                     256
      162129577995399167                     256
     3329558703417327615                       0
       18014398492704767                   65536
       18014398508957695                      32
       18014398509473791                     512
       18014398509481855              2147483648
       54043161168707567                      64
      162129577978626047                      64
      162129577995403247                   65536
     1025976281520406527                       0
     3476567806063935487                     512
       18014398375264255                       2
       72057590816702463                       0
      305963299683958783                    8192
      881861101967376383                      16
       90071988252442495                     128
    -9205357638364168193                       1
       18014398442373119                       1
       18014398509477887                  262144
      881861101900267519                     128
     1170865534372118527               134217728
       72057542497796095                     128
       90071988118224895                      32
     3476708534995910655                       0
       18005602416459775                    2048
       18014398459150335                  524544
      161003678088560639                      16
     2323716665939853311                    1024
    -4593671619919085569                       0
       18014398509481967                    1024
       18014398408818687                     528
       18014398509477887                   16384
       87820188438757375                  524288
      305963299684466687                      16
      880735202127642623                      16
       18014398442373119                    4096
       54043161168707581                   32768
       54043161168707583                       0
       18014398442373119                   65536
       18014398375264255                     512
      594475013373689855                    4096
      935904246023323647                       0
       54043161168691199                   16384
      162129028239589375                     512
      162129577995386879                      16
      881860964595531775                     512
     2323716670167711743                  262144
     2323857399133241343                       0
       18014398508433407                       1
       88946088345599999             17179869184
      305963299684483063                    2048
      881861102034223103                     256
     2395703895528570879                       0
       18014398508695551                      96
       36028779839094751                      32
      306244705941700607                      16
      342273520140550143                       0
      593912200859484158                    1024
     4629700416861372415                  131072
       18014398358487039                       9
       68679894317400063                       0
       90071717661114367                      32
       54043161168707567                   16384
       90067585910964223                    2048
      162129577995403247                      16
     2105709902725906431                       0
     2323716670234558463                   65536
       18014398408818687                       6
     3257505507425910783                       0
       18014398509481727                16777216
       18014398509481975                     512
      305963299684483069                      32
     1170856738279129087               134217728
      162129577995403199                    4096
      234116803289153535                       0
      593912200859483647                      32
     1170865534371627007                  131072
       18014398308155391                       9
       54043058089492479                       0
      306244705941192703                    8192
       54043161168707579                    4096
      234182232820940799                       0
      647955344848322559                       0
       16888498602639359                      16
       90067585910964223                33554432
      179018076598042623                       0
      593912200859484155                      16
     1170865534372151279                    4096
     1312728922634321919                       0
     4629700416920027135                       1
       18014398442373119                       4
      159877778181718015             34359738368
     1170865525782216703                     128
     2323716670234820591                    4096
       18014398308155391                       6
       18014398375264255                  131072
       18014398442373119                      16
      594475013373935615                    4096
      612489497782779903                       0
      305963299684482559                      32
     1170935898821361663                       0
     3476638157661798399                       0
       18014398509480959                      16
       72039999704399871                       0
       18001204369948671                   65664
       90071717635948543                     512
      306244705941454847                      16
      594475013373689855                      16
       13510798882111487                    1024
       18014398507384831                     512
       90071988252442559              4294967296
      953914298025902079                       0
       87820188438757375                    8192
      162129036795969535                     512
     1170865534372151295                       0
       18014398509481983                       0
      162129577978626047                 1048576
      881861102034485215                    2048
     2178897781832286207                       0
    -4593671654277709825                       0
    -4593671637097906177                       0
       18014398509481982                     256
      881861102033960959                     128
     2323716670234820603                    1024
       17451448556060671                     512
       18014398509481727                 1048576
     1170865534371627007                     512
      162120786197348351                16777216
      953918691777445759                 2097152
     2177763098717323263                       0
       18014398509481981                      32
       45035961913966591                   32768
      594475013373427711                    8192
     3187563373759299583                     128
       18014398509449215                  524288
       36028779839094751                     512
      162129577995403135                     512
       18014398509219839                     256
     1169739634465308671                      16
       18014398507384831                       2
       54043161168707579                      16
     1170865534372151293                     128
      593912200859484155                    4096
     1025976281520406463                     256
     3187563373759822847                    1024
    -9205357638345293827                       0
    -4593671619917922307                       0
       18014398492704767                    1024
       88946088345599999              4294967296
      878201789898293247                       0
     1170864984616337407                    2048
     1313916395192319999                       0
     4629700416932675583                       0
      594475013373935615                      16
       36028779839094781                     512
       90071988218888191                     512
      159877778181718015                      32
      305963299684450303                 2097152
      305963299684483063                    8192
     1170865259494244351                    1024
       27021580584353791                   32768
      162129577928294399                   65536
    -4593671619985145857                       0
      306244705941454847                    4096
    -4593671619993403393                       0
       18014364149743615                    8192
       18014398509465599                      16
      881861102030290943                      16
     3476567805963272191                      32
     3746783719315210239                       0
    -9205357638347390977                       0
       16888498602639359                    1024
       90063192159420415                      32
       90071988252438527                     256
      935763542894706687                       0
       18014398475927551                     128
       72057542498287615                      32
      305963299684482559                     512
       18014389919547391                      32
      162120786197348351                      64
       36028771249160191                      32
      162129303117496319                      16
      305963299684482943                 2097152
     2323716670100602879                    2048
     4340555212751110143                       0
    -9205357638378881025                       2
       54043161168707551                    8192
       18014398505287679                    4096
       18014398509480959                    1024
     1170865534372149247                    2048
     2323716670226431999                    2048
     3490078587799732223                     256
       18014398509481855              8589934592
     1170865534305042431                      64
    -9205357638362103809                       1
       13510798882111487                      16
       45035961913966591                    8192
     2034712237897154559                       0
     2377759814223134719                     128
       18014398508957695                     128
       18014398509481951                    2048
      305963299684483070                      16
       18014398509481981                     512
       70931691983601663                       0
      162129577978626047                     256
      162120781902381055                     128
      162129577928294399                      16
     2178686688484655103                       0
       15762598695796735              8589934592
       18014398509481919                    4096
       90071438496628735                  524288
       90071438496628735                33554432
      162129577995403007                16777216
      234187167737839615                     128
     1315051078307282943                       0
     3185452311434493951                       0
        4503599627370495                     768
       18014398509481951                  524288
      305963299676094463                      32
       36028779839062015                     512
       18014398375260159                       3
       18014398509481951                   32768
       49539561541337087                     256
      159877778181718015                     512
     2323716670234820591                    1024
     1025976281520406463                 1048576
     2323716670167711743                    4096
     4629700416903315454                       2
      162129577861185535                33554432
     2323716670167711743                   65536
       18014398505287679                      16
     1024850381613563903                      16
       13510798882111487                   65536
       36028779839094775                   32768
      881861102030290943                    1024
      881861102034468863                      16
     2323716670234819583                    4096
       36028779839094767                     256
       54043161168707551                   32768
       90071988185333759                67108864
      881861102034223103                      64
     4629700416924286975                  131072
       18014389919547391                     512
      162129577961848831                 2097152
      162129577995403263                       0
      593912200859484095                 1048576
      935833894459015167                       0
     1224908678360989695                       0
      305963299684483070                    4096
    -9205357638412533761                       1
    -9205357638412435457                       1
       31525180211724287                     256
       54043161168707567                    4096
      593912200859467775                 1048576
      936748464795025407                       0
     2465711999892324351                       0
     4629700416936853503                       0
    -9205357638420791297                       1
       18014398508695551                    8208
       18014261070528511                   32768
       90071713374535679                      16
      953918691777445887                       0
    -4593671619917942785                       0
      881861102034223103                67108864
     1241863199200903167                       0
       18014398442364927                       3
       71494626904637439                       0
      593912200859483903                     256
       18014398509219839                16777216
       18014398509481855            549755813888
       14636698788954111                     192
       18014398308155391                    3072
       18014398375264255                    8192
      162129577995395071                     512
      162129577995402751               134217728
      879609302220799999                     128
     2323716670234816511                      64
    -4593671619917955073                       0
       18014398509477887                     256
      881861102034485246                   16384
      882705320806187007                       0
     4337247916134498303                       0
      593912200855289855                      16
     1170865534372149247                    8192
      162129577995403007                67108864
      881861033315008511                     256
       18013848753668095                     128
       18014398509481855                  524288
       18014398509481855                 8388608
       18014398509481951                    8192
       36028779839094782                   16384
       69805742684635135                     128
       36028779838963711                     512
       54043161168691199                     256
       90071988252442559                     256
     1170865534237933567                     128
     2323716670234558463                67108864
       18014398308155391                  786432
       18014398509481855                   32768
       90071988252442111                      32
      161003678088560639              4294967296
    -9205357638362202113                       1
       18014398509473791                   32768
       90071988252442495              8589934592
      305963299684450303                      32
     2323716670234787839                    2048
     3476567806097489919                       0
       18014398500831231                    2064
       18014398509481982                      64
       36028779839094775                    8192
      306244705941684223                    8192
       54043161168707567                      16
        4503599627370495                   16896
       18014398509481471                    2048
       18014398509481979                    1024
      288230311727202303                       0
      917889864693710847                       0
       18014398371069951                  132096
       18014398496899071                  196608
       72057542489931775                      32
      162129577995403007                   16384
      305963299683958783                      32
     2323716670234558463                      64
       18014398308155391                      12
     2377759814223396863                      64
       18014398505287679                    1024
       18014398509219839                      64
      881861102034485231                     256
      881861102033960959               134217728
       18014398459150335                     768
       54043161168707581                     512
       18014398509481471                33554432
       72057555383222271                       0
     1025976281520406463                      64
     2034712237897152511                    2048
    -3729824916393099265                       0
       87820188438757375                     512
       90071988252442591                   32768
     1313784453796986879                       0
       18014398375264255                   32768
      593912200859484095                     256
     2393658803900907519                       0
       18014398509481791                   33024
      593912200859467775                     256
     1170861136325640191                    1024
    -4593671619920068609                       0
       18014394214514687                16777216
       18014398375264255                33554432
       18014398509219839                67108864
    -4593671619930488833                       0
       16888498602639359              4294967296
       18014398375264255                  524288
       72057542364102655                       2
     3476567805896163327                       3
      162120790492315647                       0
      890868284109357055                     512
       18014398509481791                     576
      162129577995403135                    8192
      593912200859483903                 1048576
       18014398509481855                    8192
       18014398509481982                   16384
       36028779839094751                    8192
       90071988252442607                   16384
      908882665438969855                     512
     4629700416869695487                       1
       18014329790005247                     256
       54043023729754111                     512
     3187563098881916927                    1024
       18014398509481215                     768
      360006443673321471                       0
     2323716670167711743                    1024
    -4593671619918987265                       0
      305963299684450303                     512
      881861102026096639                    2048
     1313925182695407615                       0
      305963299684483063                     512
     2323716670230626303                    4096
     2323716670234819583                    1024
     4629700416802652158                       2
      593912200859484151                      32
     2033656706734489599                       0
       90071988252442495            549755813888
       90071988252442559                 1048576
      306244705941716991                       0
     1170865534371627007                     128
     3474527111442595839                       0
       18014398509219839                  262144
      161003678088560639             17179869184
     2323716670234820575                    2048
      162129577978626047              4294967296
     2323712272188309503                      64
       18014381329612799                     256
       18014398509481919                  262144
      162129577995403199              4294967296
      953918691777445823                     256
       18014394214514687                      64
      305963299684482559                    8192
       18014398509465599                  262144
     4629700416802586623                       2
    -3729824916531314689                       0
       18014398509481919                   16384
       18014398509481967                     256
       54043161168707575                     512
      162129577861185535               134217728
      881861101900267519                33554432
       18014398508957695               134217728
       18014398509481471                    8192
       90071988252442495                   32768
     2467831849720741887                       0
     3259620692919844863                       0
     3692740575326371839                       0
       36028779839094779                     256
       87820188438757375                      32
       88946088345599999                      16
     4340484861186801663                       0
       36028779839094781                     128
      881861101900267519                   32768
      899875483364098015                     512
     2323712272188309503                67108864
       90071988252442111                  131072
     1097893142364946431                       0
       45035961913966591                     512
      162129577995403135                   32768
      189151149989822463                       0
     1170865534372118527                      32
       36028779839094751                   32768
       54043161168642047                     256
       72022408592097279                       0
       90071988118224895               134217728
    -4593671620052189185                       0
       18014398509481981                    8192
      234187167738363903                       0
       18014398509449215                     512
       72057542364102655                  131072
      594475013373427711                      32
     1169810003209486335                       0
       18014398509479935                      32
       18014398509481919                 4194304
      881861102017708031                     256
      881861102034485215                     512
       16888498602639359             17179869184
       18014261070528511               134217728
       90071988218888191                   32768
      162129577995403262                67108864
     2323716670234296319                     128
       18001204369948671                     192
       18014398509481919            274877906944
      157625978368032767                      16
    -4593671619918004225                       0
       27021580584353791                     512
      162129577995402751                33554432
      171136768660209663                       0
     1170865525782216703                    2048
    -4593671619926360065                       0
       18014398501093375                    2048
       18014398509481979                    4096
      305963299684483063                      32
       72057542431211519                   16384
      159877778181718015                    8192
    -4593671637097807873                       0
       17944029765304319                      16
      162129577995402751                   32768
       18014398509465599                      64
      305963299684482559                   32768
       36028728299487231                       0
       88946088345599999                    4096
       90071988218888191            549755813888
    -9205357638357876737                   65536
        4503599627370495                   49152
       18014398504763391                    1056
       72057387879497727                       0
     1314839984959651839                       0
     3692881278454988799                       0
       49539561541337087                   16384
       87820188438757375             34359738368
       90071988252442495                    8192
      162129577995403262                   16384
     4556587278851375103                       0
    -3729824916468400129                       0
     2323778242885976063                      64
       18013848753668095                      32
       18014389919547391                    8192
       18014398509432831                    3072
       54043161168707582                     256
       71916839369703423                       0
      123848985457721343                       0
      305963299684482815                      16
      881861101900267519                    8192
       18013573875761151                    3072
       18014398374215679                       3
      161003678088560639                     256
     2323716670234820575                    8192
       71776084701478911                       0
       90071988252442559                      64
      881861102034484735                      32
     3476567806093295615                      16
    -9205357638345326593                       0
    -4593671619917938690                       0
       15762598695796735                     128
       18014398509481981                   32768
     3476708509226106879                       0
    -4593671619917930497                       0
       36028779839094783                       0
       45035961913966591                      32
      162129577995403231                   32768
      305963299684482559                    2048
       31525180211724287                   16384
       72057542498303999                      16
       90071988252409855                      32
     1314980172692193279                       0
     2323716670234820606                      64
       18014398509481981                33554432
      873698258990399487                       0
     1170865534372143103                     128
     3476567737378013183                     256
       17732923532771327                     256
       18014398509449215                      32
      917889864693710831                     256
      951666891963760639                     128
     2323716670234558463                     256
       36028779839062015                   32768
      895371883736727551                     256
     2377759814223659007                       0
     4629700416932659199                       1
       18014398308155391                       3
       90071438496628735                     512
      162129577995403007                   65536
      593912200859483903                   16384
     1170865534371889151                      64
     2449958132865040383                       0
     4629700416936869886                       0
       18014398492704767                     256
       36028711119618047                    4096
      913386265066340351                     256
     2323716670230626303                    1024
    -4593671619918036994                       0
       18014398509481951                     512
       72057542464765951                     512
       72057542498320383                       0
       18013848753668095                       2
       18014123631575039                      64
      162129036825329663                    1024
       18014398375264255                       8
      305963299684483071                       0
       90067590205931519                    1024
      162129577995403135              8589934592
     1170865530077183999                      64
     3530610950086328319                       0
       18010000462970879                    1024
       18014398475927551                    2048
       36028779839094782                     256
      593912200859484159                       0
     1097963506814156799                       0
       36028779839094775                     512
     2323716670100602879                     128
     2393663197652451327                       0
       16888498602639359                     256
       90071988252442559                   16384
     1024850381613563903                      64
     3187563373759823855                    1024
       18014123631575039                 4194304
     4394457653611331583                       0
     4629700416903249919                       2
    -3729824916594229249                       0
       18014389919547391                33554432
       18014398501093375                    8192
       18014398509481791                 3145728
       18014398509481951                       2
       90071988218888191              8589934592
     1025976281520406399                     512
     2395773989394841599                       0
        9007199254740991                      32
       18014398509481982                    4096
       90071988252442367                      16
      953918691777445759                   32768
       18014398508957695                    2048
     2321605607909490687                       0
     2341660700000124927                       0
