  # Orbital no.         Normalised occupation
              1                  0.0084798271
              2                  0.0086687734
              3                  0.0004783880
              4                  0.0087059875
              5                  0.0086765011
              6                  0.0082601762
              7                  0.0084736620
              8                  0.0006169809
              9                  0.0081868728
             10                  0.0082235942
             11                  0.0005123146
             12                  0.0006205061
             13                  0.0009673883
             14                  0.0014001613
             15                  0.0086969504
             16                  0.0086736227
             17                  0.0009429525
             18                  0.0086571857
             19                  0.0086585811
             20                  0.0086683574
             21                  0.0085353140
             22                  0.0086038465
             23                  0.0086714141
             24                  0.0086838108
             25                  0.0008204131
             26                  0.0006874548
             27                  0.0086116297
             28                  0.0085821055
             29                  0.0080637767
             30                  0.0086762883
             31                  0.0008262481
             32                  0.0084895752
             33                  0.0006243466
             34                  0.0086508951
             35                  0.0086674278
             36                  0.0086753648
             37                  0.0086349441
             38                  0.0080193433
             39                  0.0081401530
             40                  0.0085615314
             41                  0.0007951065
             42                  0.0086894435
             43                  0.0083991855
             44                  0.0016008432
             45                  0.0086550937
             46                  0.0082876404
             47                  0.0082653176
             48                  0.0085885036
             49                  0.0011375456
             50                  0.0086606453
             51                  0.0086529774
             52                  0.0085497266
             53                  0.0005494138
             54                  0.0086505888
             55                  0.0085100243
             56                  0.0086708728
             57                  0.0086538099
             58                  0.0086885973
             59                  0.0086248145
             60                  0.0086930558
             61                  0.0087354147
             62                  0.0087122614
             63                  0.0087037721
             64                  0.0087179671
             65                  0.0087502797
             66                  0.0087627246
             67                  0.0087588889
             68                  0.0025383542
             69                  0.0087763030
             70                  0.0087696981
             71                  0.0087256223
             72                  0.0087325090
             73                  0.0087643012
             74                  0.0087659321
             75                  0.0087371666
             76                  0.0086734201
             77                  0.0087482230
             78                  0.0087384056
             79                  0.0087372454
             80                  0.0087238149
             81                  0.0087182099
             82                  0.0086941949
             83                  0.0087076167
             84                  0.0087016663
             85                  0.0087814148
             86                  0.0087705164
             87                  0.0087904455
             88                  0.0087752791
             89                  0.0087725239
             90                  0.0087456668
             91                  0.0087663763
             92                  0.0087475431
             93                  0.0087581034
             94                  0.0087162553
             95                  0.0087523860
             96                  0.0087274966
             97                  0.0087612564
             98                  0.0087548199
             99                  0.0087571177
            100                  0.0087507888
            101                  0.0087398464
            102                  0.0087360058
            103                  0.0086209305
            104                  0.0087058897
            105                  0.0087544015
            106                  0.0087018494
            107                  0.0087552474
            108                  0.0087063395
            109                  0.0087326924
            110                  0.0087087727
            111                  0.0087461093
            112                  0.0003044044
            113                  0.0087208628
            114                  0.0067588833
            115                  0.0087409822
            116                  0.0003819472
            117                  0.0087344937
            118                  0.0086804359
            119                  0.0087476504
            120                  0.0003822376
            121                  0.0087022525
            122                  0.0086930253
            123                  0.0004048831
            124                  0.0004092224
            125                  0.0004464106
            126                  0.0003806959
            127                  0.0087369106
            128                  0.0003919585
            129                  0.0086715957
            130                  0.0086740614
            131                  0.0087314958
            132                  0.0086823158
            133                  0.0087262572
            134                  0.0086609057
            135                  0.0088378914
            136                  0.0003083629
            137                  0.0003519903
            138                  0.0003161302
            139                  0.0086616442
            140                  0.0003367384
            141                  0.0003109826
            142                  0.0003356954
            143                  0.0007905989
            144                  0.0007322533
            145                  0.0005014899
            146                  0.0003502013
            147                  0.0088376084
            148                  0.0003279035
            149                  0.0001622592
            150                  0.0001550562
            151                  0.0001917880
            152                  0.0001795792
