       -4503607344970950     4860932110304673791                  263295
       -4503602866502854     4716816922228817919                  263295
       -4503607193967814     4860932110304673791                  263293
       -4503602882231494     4788874516266745855                  262271
       -4503607160421574     4716816922228817919                  263295
       -4503606120234182     4860932041585197055                  263295
       -4503602900057286     4860932110304673791                  263295
       -4503607193976005     4860932110304673791                    1151
       -4503607193974982     4860932110304673791                  263279
       -4503602865454278     4716816922228817919                  262271
       -4503607193976008     4860932110304673791                  787583
       -4503607178247366     4860932110304673791                  263295
       -4503602999672006     4860932110304673791                  262271
       -4503602899008710     4860932110304673791                  262271
       -4503602899006662     4860932110304673791                  262239
       -4503607193973958     4860932110304673791                  263263
       -4503607194238150     4860932110304673791                  328831
       -4503607193975238     4860932110304673791                  263295
       -4503602949340358     4860932110304673791                  262271
       -4503607193976262     6013853614911520767                  263295
       -4503607193971910     4860932110304673791                  263294
       -4503607193975942     4860932110304673791                  263291
       -4503603000720582     4860932110304673791                  263295
       -4503607177198790     4788874516266745855                  263295
       -4503607193975878     4860932110304673791                  263287
       -4503607277862086     4788874516266745855                  263295
       -4503607244307654     4860932110304673791                  263295
       -4503607328193734     4861495060258095103                  263295
       -4503607294639302     4860932110304673791                  263295
       -4503607193976006     4860932110304673791                  263295
