  # Orbital no.         Normalised occupation
              1                  0.0175669936
              2                  0.0175722291
              3                  0.0175144201
              4                  0.0175083240
              5                  0.0175172258
              6                  0.0175194538
              7                  0.0172186529
              8                  0.0172205403
              9                  0.0174737874
             10                  0.0174728203
             11                  0.0178290434
             12                  0.0178408590
             13                  0.0176330946
             14                  0.0176271844
             15                  0.0173362606
             16                  0.0173279028
             17                  0.0177470991
             18                  0.0177398046
             19                  0.0172647286
             20                  0.0172627739
             21                  0.0179427246
             22                  0.0179448763
             23                  0.0172154099
             24                  0.0172199311
             25                  0.0171906961
             26                  0.0171846647
             27                  0.0168471759
             28                  0.0168415114
             29                  0.0184038497
             30                  0.0184043951
             31                  0.0181340721
             32                  0.0181336190
             33                  0.0162164086
             34                  0.0162310466
             35                  0.0157391657
             36                  0.0157386745
             37                  0.0177291663
             38                  0.0177316933
             39                  0.0174774935
             40                  0.0174821548
             41                  0.0182936616
             42                  0.0182926404
             43                  0.0177001856
             44                  0.0177006277
             45                  0.0181934596
             46                  0.0181925568
             47                  0.0160731691
             48                  0.0160659285
             49                  0.0149203481
             50                  0.0149292216
             51                  0.0173470062
             52                  0.0173409909
             53                  0.0178394375
             54                  0.0178408198
             55                  0.0030550117
             56                  0.0030507424
             57                  0.0026766560
             58                  0.0026666715
             59                  0.0038356529
             60                  0.0038334762
             61                  0.0027317501
             62                  0.0027339266
             63                  0.0010966656
             64                  0.0010963678
             65                  0.0008406159
             66                  0.0008416423
             67                  0.0004419362
             68                  0.0004431101
             69                  0.0017578325
             70                  0.0017590500
             71                  0.0014470484
             72                  0.0014423549
             73                  0.0015317202
             74                  0.0015260077
             75                  0.0013510269
             76                  0.0013556187
             77                  0.0013252560
             78                  0.0013282718
             79                  0.0012677350
             80                  0.0012764770
             81                  0.0009783212
             82                  0.0009800117
             83                  0.0008879661
             84                  0.0008875260
             85                  0.0008899035
             86                  0.0008872132
             87                  0.0005698813
             88                  0.0005686719
             89                  0.0008767551
             90                  0.0008827250
             91                  0.0007892304
             92                  0.0007891333
             93                  0.0004068171
             94                  0.0004065796
             95                  0.0005593244
             96                  0.0005606751
             97                  0.0004964022
             98                  0.0004983142
             99                  0.0004785470
            100                  0.0004799730
            101                  0.0003747705
            102                  0.0003729061
            103                  0.0004490932
            104                  0.0004463649
            105                  0.0002711110
            106                  0.0002695883
            107                  0.0002482335
            108                  0.0002493561
