dattani@allogin1:~/FeMoco/Reiher1/FCIQMC-PT2/102.4m/uniformData> python blocking.py -f180000 -d1 -d5 -o/ RDMEstimates.uniform 
# of blocks mean (X_1)     std.err. (X_1)  std.err.err. (X_1)  mean (X_5)     std.err. (X_5)  std.err.err. (X_5)  cov(X_1,X_5)   mean (X_1/X_5)   std.err. (X_1/X_5)
12526       -7.06210782831e+12 2.12673533e+08  1.34372248e+06       523811164.127  1.57744466e+04  9.96667431e+01       -4.20223e+16   -13482.163634433891 5.137115421627e-04
6263        -7.06210782831e+12 3.00765039e+08  2.68754549e+06       523811164.127  2.23083785e+04  1.99340928e+02       -4.20221e+16   -13482.163634433891 1.082755957125e-04
3131        -7.06211152309e+12 4.25380429e+08  5.37638472e+06       523811438.176  3.15513639e+04  3.98777799e+02       -4.20222e+16   -13482.163634454158 1.089468318537e-04
1565        -7.06211890540e+12 6.01678557e+08  1.07579906e+07       523811985.790  4.46277664e+04  7.97942835e+02       -4.20227e+16   -13482.163633100745 1.098066978905e-04
782         -7.06213456536e+12 8.51110300e+08  2.15350226e+07       523813147.470  6.31286390e+04  1.59729787e+03       -4.20164e+16   -13482.163629273819 1.127557532384e-04
391         -7.06213456536e+12 1.20346860e+09  4.30910883e+07       523813147.470  8.92638028e+04  3.19615685e+03       -4.20036e+16   -13482.163629273819 1.155023389817e-04
195         -7.06219853150e+12 1.70310076e+09  8.64618414e+07       523817892.046  1.26322586e+05  6.41305768e+03       -4.19523e+16   -13482.163627359689 1.169217863208e-04
97          -7.06234214087e+12 2.41134148e+09  1.74023581e+08       523828544.290  1.78854294e+05  1.29076969e+04       -4.18340e+16   -13482.163616058862 1.090712702670e-04
48          -7.06262482313e+12 3.41343763e+09  3.52069209e+08       523849510.793  2.53182023e+05  2.61137318e+04       -4.14826e+16   -13482.163632150212 8.804553295397e-05
24          -7.06262482313e+12 4.82552473e+09  7.11484806e+08       523849510.793  3.57919581e+05  5.27723632e+04       -4.14516e+16   -13482.163632150212 8.832662291764e-05
12          -7.06262482313e+12 6.60505156e+09  1.40820172e+09       523849510.793  4.89911473e+05  1.04449477e+05       -3.88307e+16   -13482.163632150212 9.407858806528e-05
6           -7.06262482313e+12 9.02934138e+09  2.85532845e+09       523849510.793  6.69725070e+05  2.11785663e+05       -3.62831e+16   -13482.163632150212 6.575248394091e-05
3           -7.06262482313e+12 1.20759050e+10  6.03795250e+09       523849510.793  8.95695119e+05  4.47847560e+05       -3.24490e+16   -13482.163632150212 3.630970476007e-05

dattani@allogin1:~/FeMoco/Reiher1/FCIQMC-PT2/102.4m/uniformData> python blocking.py -f180000 -d4 -d5 -o/ RDMEstimates.uniform 
# of blocks mean (X_4)     std.err. (X_4)  std.err.err. (X_4)  mean (X_5)     std.err. (X_5)  std.err.err. (X_5)  cov(X_4,X_5)   mean (X_4/X_5)   std.err. (X_4/X_5)
12526       -7.06211314228e+12 2.12677866e+08  1.34374985e+06       523811164.127  1.57744466e+04  9.96667431e+01       -4.20228e+16   -13482.173779255736 1.690740352682e-03
6263        -7.06211314228e+12 3.00769967e+08  2.68758952e+06       523811164.127  2.23083785e+04  1.99340928e+02       -4.20226e+16   -13482.173779255736 1.613855568265e-03
3131        -7.06211685115e+12 4.25386303e+08  5.37645897e+06       523811438.176  3.15513639e+04  3.98777799e+02       -4.20227e+16   -13482.173806164319 1.633063359625e-03
1565        -7.06212421181e+12 6.01687222e+08  1.07581456e+07       523811985.790  4.46277664e+04  7.97942835e+02       -4.20233e+16   -13482.173763479357 1.656036603243e-03
782         -7.06213989166e+12 8.51120312e+08  2.15352759e+07       523813147.470  6.31286390e+04  1.59729787e+03       -4.20169e+16   -13482.173797599635 1.660298157586e-03
391         -7.06213989166e+12 1.20348476e+09  4.30916667e+07       523813147.470  8.92638028e+04  3.19615685e+03       -4.20042e+16   -13482.173797599635 1.709231517340e-03
195         -7.06220382276e+12 1.70312435e+09  8.64630390e+07       523817892.046  1.26322586e+05  6.41305768e+03       -4.19529e+16   -13482.173728690883 1.722116505112e-03
97          -7.06234736709e+12 2.41138082e+09  1.74026420e+08       523828544.290  1.78854294e+05  1.29076969e+04       -4.18347e+16   -13482.173593018364 1.770185950277e-03
48          -7.06263014622e+12 3.41352232e+09  3.52077944e+08       523849510.793  2.53182023e+05  2.61137318e+04       -4.14836e+16   -13482.173793648111 1.804043838420e-03
24          -7.06263014622e+12 4.82565137e+09  7.11503478e+08       523849510.793  3.57919581e+05  5.27723632e+04       -4.14527e+16   -13482.173793648111 1.866419106377e-03
12          -7.06263014622e+12 6.60532414e+09  1.40825984e+09       523849510.793  4.89911473e+05  1.04449477e+05       -3.88323e+16   -13482.173793648111 1.921556012228e-03
6           -7.06263014622e+12 9.02960192e+09  2.85541084e+09       523849510.793  6.69725070e+05  2.11785663e+05       -3.62841e+16   -13482.173793648111 1.296630793087e-03
3           -7.06263014622e+12 1.20767611e+10  6.03838054e+09       523849510.793  8.95695119e+05  4.47847560e+05       -3.24513e+16   -13482.173793648111 1.610937447038e-03

Error bars are smaller if you use RDMEstimates instead of RDMEstimates.unifrm, but only a bit.
