python blocking.py -f240000 -d1 -d5 -o/ RDMEstimates.uniform.Nick.withNew

52491       -1.54545753121e+13 1.01199376e+08  3.12337803e+05       1146297626.14  7.50612492e+03  2.31666109e+01       -3.98730e+16   -13482.166376047342 3.658384258007e-05
26245       -1.54545751701e+13 1.43109455e+08  6.24652258e+05       1146297615.62  1.06146634e+04  4.63314844e+01       -3.98677e+16   -13482.166375997413 3.665500341533e-05
13122       -1.54545748661e+13 2.02363812e+08  1.24920693e+06       1146297593.08  1.50096554e+04  9.26557247e+01       -3.98569e+16   -13482.166375795437 3.662629095573e-05
6561        -1.54545748661e+13 2.86099088e+08  2.49775339e+06       1146297593.08  2.12204374e+04  1.85262455e+02       -3.98328e+16   -13482.166375795463 3.691614721518e-05
3280        -1.54545733314e+13 4.04411475e+08  4.99387611e+06       1146297479.22  2.99958605e+04  3.70403958e+02       -3.97886e+16   -13482.166376142763 3.709810826272e-05
1640        -1.54545733314e+13 5.71184652e+08  9.97635866e+06       1146297479.22  4.23657039e+04  7.39962911e+02       -3.96858e+16   -13482.166376142699 3.726922909012e-05
820         -1.54545733314e+13 8.05427419e+08  1.99007508e+07       1146297479.22  5.97398772e+04  1.47607144e+03       -3.94552e+16   -13482.166376142719 3.774740232675e-05
410         -1.54545733314e+13 1.13263747e+09  3.96017405e+07       1146297479.22  8.40095664e+04  2.93732561e+03       -3.90125e+16   -13482.166376142703 3.694614692591e-05
205         -1.54545733314e+13 1.58204320e+09  7.83228095e+07       1146297479.22  1.17342818e+05  5.80933515e+03       -3.80565e+16   -13482.166376142706 3.629247354633e-05
102         -1.54545867152e+13 2.19382488e+09  1.54356980e+08       1146298472.37  1.62719662e+05  1.14489155e+04       -3.64118e+16   -13482.166370847286 3.442663697641e-05
51          -1.54545867152e+13 2.95544256e+09  2.95544256e+08       1146298472.37  2.19210252e+05  2.19210252e+04       -3.30410e+16   -13482.166370847281 3.432584657324e-05
25          -1.54547842503e+13 3.85017285e+09  5.55724583e+08       1146313124.17  2.85574048e+05  4.12190633e+04       -2.74877e+16   -13482.166368351991 2.807070660770e-05
12          -1.54555251441e+13 4.50619725e+09  9.60724482e+08       1146368077.06  3.34232790e+05  7.12586702e+04       -1.80734e+16   -13482.166376921552 2.853100410123e-05
6           -1.54555251441e+13 5.24003144e+09  1.65704344e+09       1146368077.06  3.88662492e+05  1.22905871e+05       -1.22196e+16   -13482.166376921552 3.813096211654e-05
3           -1.54555251441e+13 7.52102054e+09  3.76051027e+09       1146368077.06  5.57846287e+05  2.78923144e+05       -1.25867e+16   -13482.166376921552 3.865542038860e-05

python blocking.py -f240000 -d4 -d5 -o/ RDMEstimates.uniform.Nick.withNew

52491       -1.54545855369e+13 1.01201483e+08  3.12344306e+05       1146297626.14  7.50612492e+03  2.31666109e+01       -3.98730e+16   -13482.175295888135 5.542257061133e-04
26245       -1.54545853918e+13 1.43111060e+08  6.24659263e+05       1146297615.62  1.06146634e+04  4.63314844e+01       -3.98677e+16   -13482.175293100505 5.547612646124e-04
13122       -1.54545850872e+13 2.02365099e+08  1.24921488e+06       1146297593.08  1.50096554e+04  9.26557247e+01       -3.98570e+16   -13482.175292409620 5.543837856526e-04
6561        -1.54545850872e+13 2.86100199e+08  2.49776308e+06       1146297593.08  2.12204374e+04  1.85262455e+02       -3.98329e+16   -13482.175292409627 5.548282751016e-04
3280        -1.54545835415e+13 4.04412450e+08  4.99388815e+06       1146297479.22  2.99958605e+04  3.70403958e+02       -3.97886e+16   -13482.175283176290 5.554944575962e-04
1640        -1.54545835415e+13 5.71185756e+08  9.97637796e+06       1146297479.22  4.23657039e+04  7.39962911e+02       -3.96858e+16   -13482.175283176290 5.622595424218e-04
820         -1.54545835415e+13 8.05428634e+08  1.99007808e+07       1146297479.22  5.97398772e+04  1.47607144e+03       -3.94553e+16   -13482.175283176284 5.699003251294e-04
410         -1.54545835415e+13 1.13264203e+09  3.96018998e+07       1146297479.22  8.40095664e+04  2.93732561e+03       -3.90126e+16   -13482.175283176313 5.784167784201e-04
205         -1.54545835415e+13 1.58204504e+09  7.83229003e+07       1146297479.22  1.17342818e+05  5.80933515e+03       -3.80565e+16   -13482.175283176313 5.988967181015e-04
102         -1.54545968957e+13 2.19379579e+09  1.54354933e+08       1146298472.37  1.62719662e+05  1.14489155e+04       -3.64113e+16   -13482.175252039002 5.736836460840e-04
51          -1.54545968957e+13 2.95544225e+09  2.95544225e+08       1146298472.37  2.19210252e+05  2.19210252e+04       -3.30410e+16   -13482.175252038998 5.404473609821e-04
25          -1.54547944359e+13 3.85010465e+09  5.55714739e+08       1146313124.17  2.85574048e+05  4.12190633e+04       -2.74872e+16   -13482.175253951727 4.561081409743e-04
12          -1.54555354337e+13 4.50605031e+09  9.60693153e+08       1146368077.06  3.34232790e+05  7.12586702e+04       -1.80728e+16   -13482.175352743639 5.557363680306e-04
6           -1.54555354337e+13 5.23999938e+09  1.65703330e+09       1146368077.06  3.88662492e+05  1.22905871e+05       -1.22195e+16   -13482.175352743636 4.015231886796e-04
3           -1.54555354337e+13 7.52073602e+09  3.76036801e+09       1146368077.06  5.57846287e+05  2.78923144e+05       -1.25862e+16   -13482.175352743639 2.942850347771e-04

2nd last column seems slightly wrong:
===============================
 Col. 2 /Col. 5 | Col. 9
===============================
-13482.17529591 | -13482.17529589
-13482.17529306 | -13482.17529310
-13482.17529243 | -13482.17529241
-13482.17529243 | -13482.17529241
-13482.17528317 | -13482.17528318
-13482.17528317 | -13482.17528318
-13482.17528317 | -13482.17528318
-13482.17528317 | -13482.17528318
-13482.17528317 | -13482.17528318
-13482.17525209 | -13482.17525204
-13482.17525209 | -13482.17525204
-13482.17525390 | -13482.17525395
-13482.17535273 | -13482.17535274
-13482.17535273 | -13482.17535274
-13482.17535273 | -13482.17535274

For example let's look at: -1.54545855369e+13 / 1146297626.14 

In Double-Precision    arithmetic (MATLAB) : -13482.1752959057
In Arbitrary-Precision arithmetic (Wolfram): -13482.1752959056511721094752017785941674374512021878311311217036766705835306912851494496771112365936317719 
In Blociking.py                            : -13482.175295888135

The first two agree in every digit, but blocking.py gets it's last 6 digits wrong!

Now let's do error propagation for the ratio:
============================================
Error in Ratio        | Col. 8
==========================================
5.555400674593010e-04 | 5.542257061133e-04
5.882464726595977e-04 | 5.547612646124e-04
5.029039689847711e-04 | 5.543837856526e-04
4.159404365616561e-04 | 5.548282751016e-04
7.674736678492861e-04 | 5.554944575962e-04
7.590217874068085e-04 | 5.622595424218e-04
4.925562541334934e-04 | 5.699003251294e-04
1.304322480270130e-03 | 5.784167784201e-04
1.810777741024544e-03 | 5.988967181015e-04
1.922166970661668e-03 | 5.736836460840e-04
3.188098150074219e-03 | 5.404473609821e-04
6.358442491678483e-03 | 4.561081409743e-04
7.976671123168719e-03 | 5.557363680306e-04
1.271857084747192e-02 | 4.015231886796e-04
1.734738900723969e-02 | 2.942850347771e-04


Which one is right?

     
Let's look specifically at the first row:
abs((-1.54545855369e+13/1146297626.14)*sqrt( (1.01201483e+08 / -1.54545855369e+13)^2 +  (7.50612492e+03/1146297626.14)^2 - 2*-3.98730e+16/( -1.54545855369e+13*1146297626.14*52491)))     

In Double-Precision    arithmetic (MATLAB) : 0.000555540067459301
In Arbitrary-Precision arithmetic (Wolfram): 0.000555540067461888232038619375273318596447904257621313
In Blociking.py                            : 0.0005542257061133

